Oscilloscope data. 
Time step = 1,000 uS
Voltage step = 31,25 mV
Zero level = 91

N 	Smpl.	Trig

0	80	0
1	104	0
2	126	0
3	143	0
4	153	0
5	154	0
6	146	0
7	131	0
8	109	0
9	85	0
10	62	0
11	42	0
12	30	0
13	26	0
14	30	0
15	45	0
16	64	0
17	87	0
18	111	0
19	133	0
20	147	0
21	154	0
22	152	0
23	142	0
24	123	0
25	101	0
26	77	0
27	54	0
28	38	0
29	28	0
30	27	0
31	34	0
32	50	0
33	72	0
34	96	0
35	118	0
36	139	0
37	150	0
38	155	0
39	150	0
40	137	0
41	117	0
42	93	0
43	69	0
44	48	0
45	33	0
46	26	0
47	28	0
48	39	0
49	57	0
50	80	0
51	104	0
52	126	0
53	143	0
54	153	0
55	154	0
56	146	0
57	129	0
58	109	0
59	85	0
60	62	0
61	42	0
62	30	0
63	26	0
64	31	0
65	45	0
66	65	0
67	89	0
68	111	0
69	133	0
70	147	0
71	155	0
72	152	0
73	141	0
74	123	0
75	100	0
76	77	0
77	55	0
78	38	0
79	28	0
80	26	0
81	34	0
82	50	0
83	72	0
84	96	0
85	118	0
86	138	0
87	150	0
88	155	0
89	149	0
90	137	0
91	116	0
92	93	0
93	69	0
94	48	0
95	33	0
96	26	0
97	29	0
98	38	0
99	58	0
100	79	0
101	103	0
102	126	0
103	142	0
104	153	0
105	154	0
106	145	0
107	130	0
108	109	0
109	85	0
110	62	0
111	43	0
112	30	0
113	26	0
114	31	0
115	45	0
116	64	0
117	88	0
118	110	0
119	133	0
120	148	0
121	155	0
122	153	0
123	142	0
124	123	0
125	101	0
126	77	0
127	55	0
128	38	0
129	28	0
130	27	0
131	35	0
132	50	0
133	73	0
134	96	0
135	119	0
136	139	0
137	150	0
138	155	0
139	149	0
140	137	0
141	116	0
142	92	0
143	69	0
144	48	0
145	33	0
146	26	0
147	29	0
148	38	0
149	58	0
150	80	0
151	103	0
152	126	0
153	143	0
154	153	0
155	154	0
156	145	0
157	130	0
158	109	0
159	85	0
160	62	0
161	42	0
162	30	0
163	26	0
164	31	0
165	45	0
166	64	0
167	88	0
168	111	0
169	133	0
170	148	0
171	155	0
172	153	0
173	141	0
174	123	0
175	101	0
176	77	0
177	54	0
178	37	0
179	28	0
180	27	0
181	35	0
182	51	0
183	72	0
184	96	0
185	118	0
186	138	0
187	150	0
188	155	0
189	149	0
190	136	0
191	116	0
192	92	0
193	69	0
194	49	0
195	33	0
196	26	0
197	29	0
198	39	0
199	57	0
200	80	0
201	104	0
202	126	0
203	143	0
204	152	0
205	154	0
206	146	0
207	130	0
208	109	0
209	85	0
210	62	0
211	43	0
212	30	0
213	27	0
214	31	0
215	44	0
216	64	0
217	88	0
218	111	0
219	133	0
220	147	0
221	155	0
222	152	0
223	142	0
224	123	0
225	100	0
226	77	0
227	54	0
228	37	0
229	28	0
230	27	0
231	34	0
232	51	0
233	72	0
234	96	0
235	118	0
236	138	0
237	150	0
238	155	0
239	150	0
240	136	0
241	116	0
242	93	0
243	69	0
244	48	0
245	33	0
246	26	0
247	29	0
248	39	0
249	57	0
250	80	0
251	104	0
252	126	0
253	144	0
254	153	0
255	154	0
256	146	0
257	130	0
258	109	0
259	85	0
260	61	0
261	42	0
262	30	0
263	26	0
264	31	0
265	45	0
266	64	0
267	88	0
268	110	0
269	132	0
270	147	0
271	155	0
272	152	0
273	142	0
274	124	0
275	101	0
276	77	0
277	54	0
278	37	0
279	28	0
280	27	0
281	35	0
282	51	0
283	72	0
284	96	0
285	119	0
286	138	0
287	150	0
288	155	0
289	150	0
290	136	0
291	116	0
292	92	0
293	69	0
294	49	0
295	33	0
296	26	0
297	29	0
298	38	0
299	57	0
300	81	0
301	103	0
302	126	0
303	142	0
304	153	0
305	154	0
306	146	0
307	130	0
308	109	0
309	85	0
310	62	0
311	43	0
312	30	0
313	26	0
314	31	0
315	45	0
316	64	0
317	87	0
318	111	0
319	133	0
320	148	0
321	155	0
322	152	0
323	142	0
324	123	0
325	101	0
326	77	0
327	54	0
328	37	0
329	27	0
330	27	0
331	35	0
332	51	0
333	73	0
334	96	0
335	118	0
336	138	0
337	150	0
338	155	0
339	150	0
340	137	0
341	117	0
342	92	0
343	69	0
344	48	0
345	33	0
346	26	0
347	29	0
348	39	0
349	57	0
350	80	0
351	104	0
352	126	0
353	144	0
354	153	0
355	154	0
356	146	0
357	130	0
358	109	0
359	85	0
360	62	0
361	42	0
362	30	0
363	26	0
364	31	0
365	45	0
366	65	0
367	87	0
368	112	0
369	133	0
370	148	0
371	155	0
372	152	0
373	142	0
374	123	0
375	100	0
376	77	0
377	54	0
378	38	0
379	27	0
380	27	0
381	35	0
382	51	0
383	73	0
384	96	0
385	118	0
386	138	0
387	150	0
388	155	0
389	150	0
390	136	0
391	116	0
392	93	0
393	69	0
394	49	0
395	33	0
396	26	0
397	29	0
398	38	0
399	57	0
400	79	0
401	104	0
402	126	0
403	143	0
404	153	0
405	155	0
406	146	0
407	130	0
408	109	0
409	85	0
410	62	0
411	42	0
412	30	0
413	26	0
414	31	0
415	44	0
416	65	0
417	88	0
418	110	0
419	133	0
420	147	0
421	155	0
422	152	0
423	142	0
424	123	0
425	101	0
426	77	0
427	54	0
428	38	0
429	27	0
430	26	0
431	35	0
432	51	0
433	72	0
434	96	0
435	119	0
436	138	0
437	150	0
438	155	0
439	149	0
440	136	0
441	117	0
442	93	0
443	69	0
444	48	0
445	33	0
446	26	0
447	29	0
448	39	0
449	57	0
450	80	0
451	104	0
452	126	0
453	143	0
454	153	0
455	155	0
456	146	0
457	130	0
458	108	0
459	85	0
460	62	0
461	42	0
462	30	0
463	26	0
464	31	0
465	45	0
466	64	0
467	88	0
468	111	0
469	133	0
470	147	0
471	155	0
472	152	0
473	141	0
474	123	0
475	101	0
476	77	0
477	54	0
478	38	0
479	27	0
480	27	0
481	35	0
482	51	0
483	72	0
484	96	0
485	119	0
486	138	0
487	150	0
488	155	0
489	150	0
490	136	0
491	116	0
492	93	0
493	69	0
494	49	0
495	32	0
496	26	0
497	29	0
498	38	0
499	57	0
500	80	0
501	103	0
502	126	0
503	143	0
504	154	0
505	154	0
506	146	0
507	131	0
508	109	0
509	85	0
510	61	0
511	42	0
512	30	0
513	26	0
514	30	0
515	45	0
516	65	0
517	88	0
518	111	0
519	133	0
520	147	0
521	155	0
522	153	0
523	142	0
524	123	0
525	100	0
526	77	0
527	54	0
528	38	0
529	28	0
530	26	0
531	35	0
532	51	0
533	72	0
534	96	0
535	119	0
536	138	0
537	150	0
538	155	0
539	150	0
540	136	0
541	116	0
542	93	0
543	69	0
544	48	0
545	33	0
546	26	0
547	29	0
548	39	0
549	58	0
550	81	0
551	104	0
552	126	0
553	143	0
554	153	0
555	154	0
556	146	0
557	130	0
558	109	0
559	85	0
560	62	0
561	43	0
562	30	0
563	26	0
564	31	0
565	45	0
566	65	0
567	88	0
568	111	0
569	133	0
570	147	0
571	155	0
572	153	0
573	142	0
574	123	0
575	101	0
576	77	0
577	54	0
578	37	0
579	28	0
580	27	0
581	35	0
582	51	0
583	73	0
584	96	0
585	118	0
586	139	0
587	150	0
588	155	0
589	150	0
590	137	0
591	116	0
592	93	0
593	69	0
594	49	0
595	34	0
596	26	0
597	29	0
598	38	0
599	57	0
600	80	0
601	103	0
602	126	0
603	143	0
604	153	0
605	154	0
606	145	0
607	130	0
608	109	0
609	85	0
610	62	0
611	42	0
612	30	0
613	26	0
614	31	0
615	45	0
616	65	0
617	88	0
618	111	0
619	133	0
620	148	0
621	155	0
622	152	0
623	142	0
624	123	0
625	101	0
626	77	0
627	54	0
628	37	0
629	27	0
630	27	0
631	35	0
632	50	0
633	72	0
634	96	0
635	118	0
636	138	0
637	150	0
638	155	0
639	150	0
640	137	0
641	116	0
642	93	0
643	69	0
644	48	0
645	33	0
646	26	0
647	29	0
648	39	0
649	57	0
650	80	0
651	104	0
652	126	0
653	143	0
654	153	0
655	154	0
656	146	0
657	131	0
658	109	0
659	85	0
660	62	0
661	41	0
662	30	0
663	26	0
664	31	0
665	45	0
666	65	0
667	87	0
668	111	0
669	133	0
670	148	0
671	155	0
672	153	0
673	141	0
674	123	0
675	101	0
676	77	0
677	54	0
678	38	0
679	27	0
680	27	0
681	35	0
682	50	0
683	73	0
684	96	0
685	118	0
686	138	0
687	150	0
688	155	0
689	149	0
690	136	0
691	117	0
692	92	0
693	69	0
694	48	0
695	33	0
696	26	0
697	29	0
698	39	0
699	57	0
700	79	0
701	103	0
702	126	0
703	143	0
704	153	0
705	154	0
706	145	0
707	130	0
708	109	0
709	85	0
710	62	0
711	42	0
712	30	0
713	26	0
714	31	0
715	45	0
716	65	0
717	88	0
718	111	0
719	133	0
720	148	0
721	155	0
722	153	0
723	141	0
724	123	0
725	101	0
726	77	0
727	54	0
728	37	0
729	28	0
730	26	0
731	35	0
732	51	0
733	72	0
734	96	0
735	118	0
736	139	0
737	150	0
738	155	0
739	150	0
740	136	0
741	116	0
742	93	0
743	69	0
744	48	0
745	33	0
746	25	0
747	29	0
748	39	0
749	57	0
750	80	0
751	104	0
752	126	0
753	143	0
754	153	0
755	154	0
756	146	0
757	130	0
758	108	0
759	85	0
760	62	0
761	42	0
762	30	0
763	26	0
764	31	0
765	45	0
766	64	0
767	88	0
768	111	0
769	133	0
770	148	0
771	155	0
772	153	0
773	142	0
774	123	0
775	101	0
776	77	0
777	54	0
778	38	0
779	28	0
780	27	0
781	35	0
782	51	0
783	72	0
784	96	0
785	119	0
786	138	0
787	150	0
788	155	0
789	150	0
790	136	0
791	117	0
792	93	0
793	69	0
794	48	0
795	33	0
796	26	0
797	29	0
798	39	0
799	57	0
800	81	0
801	103	0
802	126	0
803	144	0
804	153	0
805	154	0
806	146	0
807	131	0
808	109	0
809	85	0
810	62	0
811	42	0
812	30	0
813	27	0
814	31	0
815	45	0
816	65	0
817	87	0
818	111	0
819	133	0
820	148	0
821	155	0
822	152	0
823	142	0
824	123	0
825	100	0
826	77	0
827	54	0
828	38	0
829	28	0
830	26	0
831	35	0
832	50	0
833	73	0
834	96	0
835	118	0
836	138	0
837	151	0
838	155	0
839	150	0
840	136	0
841	116	0
842	92	0
843	69	0
844	48	0
845	33	0
846	26	0
847	29	0
848	38	0
849	57	0
850	80	0
851	104	0
852	126	0
853	144	0
854	153	0
855	154	0
856	146	0
857	130	0
858	108	0
859	85	0
860	62	0
861	42	0
862	30	0
863	26	0
864	31	0
865	45	0
866	65	0
867	88	0
868	111	0
869	133	0
870	148	0
871	154	0
872	152	0
873	142	0
874	123	0
875	100	0
876	77	0
877	54	0
878	37	0
879	28	0
880	27	0
881	35	0
882	50	0
883	73	0
884	96	0
885	119	0
886	138	0
887	150	0
888	155	0
889	150	0
890	136	0
891	117	0
892	93	0
893	70	0
894	49	0
895	32	0
896	26	0
897	29	0
898	39	0
899	57	0
900	80	0
901	104	0
902	126	0
903	143	0
904	153	0
905	154	0
906	146	0
907	130	0
908	108	0
909	85	0
910	62	0
911	43	0
912	30	0
913	26	0
914	31	0
915	45	0
916	64	0
917	88	0
918	111	0
919	132	0
920	147	0
921	154	0
922	153	0
923	142	0
924	123	0
925	101	0
926	77	0
927	54	0
928	37	0
929	28	0
930	27	0
931	35	0
932	51	0
933	72	0
934	96	0
935	119	0
936	138	0
937	150	0
938	155	0
939	150	0
940	137	0
941	117	0
942	93	0
943	69	0
944	48	0
945	33	0
946	26	0
947	28	0
948	38	0
949	57	0
950	80	0
951	103	0
952	126	0
953	143	0
954	153	0
955	155	0
956	146	0
957	130	0
958	109	0
959	85	0
960	62	0
961	42	0
962	30	0
963	26	0
964	31	0
965	45	0
966	64	0
967	88	0
968	111	0
969	133	0
970	148	0
971	154	0
972	153	0
973	142	0
974	123	0
975	101	0
976	77	0
977	54	0
978	37	0
979	28	0
980	27	0
981	35	0
982	51	0
983	72	0
984	96	0
985	119	0
986	138	0
987	151	0
988	156	0
989	150	0
990	136	0
991	117	0
992	93	0
993	70	0
994	48	0
995	33	0
996	26	0
997	29	0
998	38	0
999	58	0
