Oscilloscope data. 
Time step = 1,000 uS
Voltage step = 31,25 mV
Zero level = 91

N 	Smpl.	Trig

0	91	0
1	114	0
2	134	0
3	149	0
4	155	0
5	152	0
6	140	0
7	120	0
8	98	0
9	74	0
10	53	0
11	36	0
12	28	0
13	27	0
14	37	0
15	53	0
16	74	0
17	98	0
18	122	0
19	139	0
20	151	0
21	154	0
22	149	0
23	134	0
24	113	0
25	91	0
26	67	0
27	46	0
28	33	0
29	26	0
30	29	0
31	40	0
32	60	0
33	83	0
34	106	0
35	129	0
36	145	0
37	154	0
38	154	0
39	145	0
40	128	0
41	106	0
42	82	0
43	60	0
44	41	0
45	30	0
46	26	0
47	33	0
48	46	0
49	67	0
50	91	0
51	114	0
52	134	0
53	149	0
54	155	0
55	152	0
56	140	0
57	121	0
58	99	0
59	75	0
60	53	0
61	36	0
62	27	0
63	27	0
64	36	0
65	53	0
66	74	0
67	98	0
68	121	0
69	140	0
70	152	0
71	154	0
72	149	0
73	134	0
74	113	0
75	90	0
76	66	0
77	46	0
78	32	0
79	26	0
80	29	0
81	40	0
82	59	0
83	83	0
84	107	0
85	128	0
86	145	0
87	154	0
88	154	0
89	145	0
90	128	0
91	106	0
92	82	0
93	60	0
94	40	0
95	29	0
96	26	0
97	32	0
98	46	0
99	67	0
100	91	0
101	114	0
102	134	0
103	149	0
104	155	0
105	153	0
106	140	0
107	121	0
108	97	0
109	74	0
110	53	0
111	36	0
112	27	0
113	27	0
114	35	0
115	54	0
116	75	0
117	98	0
118	121	0
119	140	0
120	152	0
121	154	0
122	149	0
123	134	0
124	113	0
125	90	0
126	67	0
127	46	0
128	32	0
129	26	0
130	29	0
131	41	0
132	60	0
133	83	0
134	106	0
135	128	0
136	145	0
137	154	0
138	154	0
139	145	0
140	128	0
141	105	0
142	83	0
143	60	0
144	41	0
145	29	0
146	26	0
147	32	0
148	46	0
149	67	0
150	91	0
151	114	0
152	134	0
153	149	0
154	155	0
155	151	0
156	140	0
157	121	0
158	99	0
159	75	0
160	53	0
161	36	0
162	27	0
163	27	0
164	37	0
165	53	0
166	75	0
167	98	0
168	121	0
169	139	0
170	153	0
171	154	0
172	149	0
173	134	0
174	113	0
175	90	0
176	67	0
177	46	0
178	32	0
179	26	0
180	29	0
181	40	0
182	60	0
183	83	0
184	107	0
185	128	0
186	145	0
187	154	0
188	154	0
189	145	0
190	128	0
191	106	0
192	83	0
193	59	0
194	41	0
195	29	0
196	26	0
197	33	0
198	46	0
199	67	0
200	91	0
201	114	0
202	134	0
203	149	0
204	155	0
205	152	0
206	139	0
207	121	0
208	98	0
209	73	0
210	52	0
211	36	0
212	27	0
213	27	0
214	36	0
215	53	0
216	74	0
217	97	0
218	122	0
219	140	0
220	152	0
221	154	0
222	149	0
223	134	0
224	113	0
225	90	0
226	67	0
227	46	0
228	33	0
229	26	0
230	29	0
231	41	0
232	60	0
233	83	0
234	106	0
235	128	0
236	144	0
237	154	0
238	153	0
239	145	0
240	128	0
241	106	0
242	82	0
243	60	0
244	41	0
245	29	0
246	26	0
247	33	0
248	46	0
249	67	0
250	91	0
251	114	0
252	134	0
253	149	0
254	155	0
255	152	0
256	140	0
257	120	0
258	98	0
259	74	0
260	53	0
261	36	0
262	28	0
263	27	0
264	36	0
265	53	0
266	75	0
267	98	0
268	121	0
269	140	0
270	152	0
271	155	0
272	148	0
273	134	0
274	114	0
275	90	0
276	67	0
277	46	0
278	32	0
279	26	0
280	30	0
281	41	0
282	60	0
283	83	0
284	106	0
285	129	0
286	145	0
287	154	0
288	154	0
289	144	0
290	128	0
291	106	0
292	82	0
293	60	0
294	41	0
295	30	0
296	26	0
297	32	0
298	46	0
299	67	0
300	90	0
301	114	0
302	134	0
303	149	0
304	154	0
305	152	0
306	140	0
307	121	0
308	97	0
309	75	0
310	53	0
311	37	0
312	27	0
313	27	0
314	37	0
315	53	0
316	74	0
317	98	0
318	121	0
319	140	0
320	152	0
321	155	0
322	149	0
323	134	0
324	113	0
325	90	0
326	66	0
327	46	0
328	32	0
329	26	0
330	30	0
331	41	0
332	60	0
333	83	0
334	106	0
335	128	0
336	145	0
337	154	0
338	153	0
339	144	0
340	128	0
341	106	0
342	82	0
343	60	0
344	41	0
345	29	0
346	26	0
347	33	0
348	46	0
349	67	0
350	90	0
351	114	0
352	134	0
353	149	0
354	154	0
355	152	0
356	141	0
357	121	0
358	98	0
359	75	0
360	53	0
361	36	0
362	28	0
363	27	0
364	36	0
365	53	0
366	75	0
367	98	0
368	121	0
369	140	0
370	152	0
371	154	0
372	149	0
373	134	0
374	113	0
375	91	0
376	67	0
377	46	0
378	32	0
379	26	0
380	29	0
381	41	0
382	61	0
383	83	0
384	106	0
385	128	0
386	145	0
387	154	0
388	153	0
389	144	0
390	128	0
391	106	0
392	82	0
393	60	0
394	40	0
395	29	0
396	26	0
397	33	0
398	46	0
399	67	0
400	91	0
401	114	0
402	134	0
403	149	0
404	155	0
405	151	0
406	140	0
407	121	0
408	97	0
409	74	0
410	53	0
411	36	0
412	27	0
413	27	0
414	36	0
415	53	0
416	75	0
417	98	0
418	121	0
419	140	0
420	151	0
421	155	0
422	149	0
423	134	0
424	114	0
425	90	0
426	66	0
427	46	0
428	32	0
429	26	0
430	29	0
431	41	0
432	60	0
433	83	0
434	106	0
435	129	0
436	145	0
437	154	0
438	154	0
439	145	0
440	128	0
441	105	0
442	82	0
443	60	0
444	40	0
445	30	0
446	26	0
447	33	0
448	46	0
449	67	0
450	91	0
451	114	0
452	134	0
453	149	0
454	154	0
455	151	0
456	140	0
457	121	0
458	98	0
459	74	0
460	53	0
461	36	0
462	28	0
463	27	0
464	36	0
465	53	0
466	74	0
467	98	0
468	122	0
469	140	0
470	152	0
471	154	0
472	149	0
473	134	0
474	114	0
475	90	0
476	66	0
477	46	0
478	32	0
479	26	0
480	29	0
481	41	0
482	60	0
483	83	0
484	107	0
485	128	0
486	144	0
487	154	0
488	153	0
489	145	0
490	128	0
491	106	0
492	82	0
493	60	0
494	40	0
495	29	0
496	26	0
497	33	0
498	46	0
499	67	0
500	91	0
501	114	0
502	134	0
503	149	0
504	155	0
505	152	0
506	139	0
507	120	0
508	97	0
509	74	0
510	53	0
511	36	0
512	27	0
513	27	0
514	36	0
515	53	0
516	75	0
517	97	0
518	122	0
519	140	0
520	151	0
521	155	0
522	149	0
523	134	0
524	113	0
525	90	0
526	67	0
527	46	0
528	32	0
529	26	0
530	29	0
531	41	0
532	61	0
533	83	0
534	106	0
535	129	0
536	145	0
537	154	0
538	154	0
539	145	0
540	127	0
541	106	0
542	82	0
543	59	0
544	41	0
545	29	0
546	26	0
547	33	0
548	46	0
549	67	0
550	91	0
551	114	0
552	134	0
553	149	0
554	155	0
555	152	0
556	140	0
557	121	0
558	98	0
559	75	0
560	53	0
561	37	0
562	27	0
563	27	0
564	36	0
565	53	0
566	75	0
567	99	0
568	121	0
569	140	0
570	152	0
571	154	0
572	149	0
573	134	0
574	114	0
575	90	0
576	67	0
577	46	0
578	33	0
579	26	0
580	29	0
581	41	0
582	60	0
583	83	0
584	106	0
585	128	0
586	145	0
587	154	0
588	153	0
589	144	0
590	128	0
591	106	0
592	82	0
593	60	0
594	41	0
595	29	0
596	27	0
597	32	0
598	46	0
599	67	0
600	91	0
601	114	0
602	134	0
603	149	0
604	155	0
605	151	0
606	139	0
607	120	0
608	98	0
609	74	0
610	52	0
611	36	0
612	27	0
613	27	0
614	36	0
615	53	0
616	75	0
617	98	0
618	121	0
619	140	0
620	152	0
621	155	0
622	149	0
623	134	0
624	113	0
625	90	0
626	67	0
627	46	0
628	33	0
629	26	0
630	29	0
631	41	0
632	60	0
633	83	0
634	106	0
635	128	0
636	145	0
637	154	0
638	154	0
639	144	0
640	128	0
641	106	0
642	82	0
643	59	0
644	41	0
645	29	0
646	26	0
647	33	0
648	46	0
649	67	0
650	91	0
651	114	0
652	134	0
653	149	0
654	155	0
655	152	0
656	139	0
657	120	0
658	97	0
659	74	0
660	53	0
661	36	0
662	27	0
663	27	0
664	37	0
665	53	0
666	74	0
667	98	0
668	121	0
669	140	0
670	152	0
671	155	0
672	149	0
673	134	0
674	113	0
675	90	0
676	66	0
677	46	0
678	32	0
679	26	0
680	29	0
681	41	0
682	60	0
683	83	0
684	106	0
685	128	0
686	145	0
687	154	0
688	153	0
689	145	0
690	128	0
691	106	0
692	82	0
693	59	0
694	40	0
695	29	0
696	27	0
697	33	0
698	46	0
699	67	0
700	91	0
701	114	0
702	134	0
703	149	0
704	155	0
705	151	0
706	140	0
707	121	0
708	98	0
709	74	0
710	53	0
711	37	0
712	27	0
713	27	0
714	37	0
715	53	0
716	74	0
717	98	0
718	121	0
719	140	0
720	151	0
721	154	0
722	149	0
723	134	0
724	113	0
725	90	0
726	67	0
727	46	0
728	33	0
729	26	0
730	29	0
731	40	0
732	60	0
733	83	0
734	106	0
735	128	0
736	145	0
737	154	0
738	153	0
739	145	0
740	128	0
741	106	0
742	82	0
743	60	0
744	41	0
745	29	0
746	26	0
747	33	0
748	46	0
749	67	0
750	91	0
751	114	0
752	134	0
753	149	0
754	155	0
755	152	0
756	140	0
757	121	0
758	98	0
759	74	0
760	53	0
761	36	0
762	27	0
763	28	0
764	36	0
765	53	0
766	75	0
767	98	0
768	121	0
769	141	0
770	152	0
771	155	0
772	149	0
773	134	0
774	113	0
775	90	0
776	66	0
777	46	0
778	32	0
779	26	0
780	29	0
781	41	0
782	60	0
783	83	0
784	106	0
785	129	0
786	145	0
787	154	0
788	153	0
789	144	0
790	128	0
791	106	0
792	82	0
793	59	0
794	41	0
795	29	0
796	26	0
797	32	0
798	46	0
799	67	0
800	91	0
801	114	0
802	134	0
803	149	0
804	155	0
805	151	0
806	140	0
807	121	0
808	98	0
809	74	0
810	53	0
811	36	0
812	27	0
813	27	0
814	36	0
815	53	0
816	74	0
817	98	0
818	121	0
819	140	0
820	151	0
821	155	0
822	149	0
823	134	0
824	113	0
825	90	0
826	67	0
827	46	0
828	32	0
829	26	0
830	29	0
831	40	0
832	60	0
833	83	0
834	106	0
835	128	0
836	144	0
837	154	0
838	154	0
839	145	0
840	128	0
841	105	0
842	82	0
843	60	0
844	41	0
845	29	0
846	26	0
847	32	0
848	46	0
849	67	0
850	91	0
851	113	0
852	134	0
853	149	0
854	155	0
855	153	0
856	140	0
857	121	0
858	98	0
859	75	0
860	52	0
861	36	0
862	27	0
863	27	0
864	37	0
865	53	0
866	74	0
867	98	0
868	121	0
869	141	0
870	151	0
871	155	0
872	149	0
873	134	0
874	113	0
875	90	0
876	66	0
877	46	0
878	32	0
879	25	0
880	30	0
881	41	0
882	60	0
883	83	0
884	106	0
885	129	0
886	145	0
887	154	0
888	154	0
889	145	0
890	128	0
891	106	0
892	83	0
893	59	0
894	41	0
895	29	0
896	26	0
897	32	0
898	46	0
899	67	0
900	90	0
901	113	0
902	134	0
903	149	0
904	155	0
905	151	0
906	140	0
907	121	0
908	98	0
909	75	0
910	52	0
911	36	0
912	27	0
913	27	0
914	37	0
915	53	0
916	74	0
917	98	0
918	121	0
919	139	0
920	153	0
921	154	0
922	149	0
923	134	0
924	114	0
925	90	0
926	67	0
927	46	0
928	32	0
929	26	0
930	29	0
931	41	0
932	60	0
933	83	0
934	106	0
935	128	0
936	144	0
937	154	0
938	153	0
939	144	0
940	128	0
941	106	0
942	82	0
943	61	0
944	41	0
945	30	0
946	27	0
947	32	0
948	46	0
949	67	0
950	91	0
951	114	0
952	134	0
953	149	0
954	155	0
955	152	0
956	139	0
957	120	0
958	97	0
959	74	0
960	53	0
961	36	0
962	27	0
963	27	0
964	35	0
965	54	0
966	74	0
967	99	0
968	121	0
969	141	0
970	153	0
971	155	0
972	149	0
973	134	0
974	113	0
975	91	0
976	67	0
977	46	0
978	32	0
979	26	0
980	29	0
981	41	0
982	60	0
983	83	0
984	107	0
985	128	0
986	145	0
987	154	0
988	154	0
989	145	0
990	128	0
991	106	0
992	82	0
993	60	0
994	40	0
995	29	0
996	26	0
997	33	0
998	46	0
999	67	0
