Oscilloscope data. 
Time step = 50,00 nS
Voltage step = 31,25 mV
Zero level = 91

N 	Smpl.	Trig

0	91	0
1	90	0
2	90	0
3	90	0
4	90	0
5	90	0
6	90	0
7	90	0
8	90	0
9	91	0
10	91	0
11	90	0
12	90	0
13	91	0
14	90	0
15	91	0
16	90	0
17	90	0
18	90	0
19	91	0
20	90	0
21	91	0
22	90	0
23	91	0
24	90	0
25	90	0
26	91	0
27	90	0
28	90	0
29	90	0
30	90	0
31	90	0
32	90	0
33	90	0
34	90	0
35	90	0
36	90	0
37	90	0
38	90	0
39	90	0
40	90	0
41	91	0
42	91	0
43	91	0
44	91	0
45	90	0
46	90	0
47	90	0
48	90	0
49	90	0
50	90	0
51	90	0
52	90	0
53	90	0
54	90	0
55	90	0
56	91	0
57	90	0
58	90	0
59	90	0
60	90	0
61	90	0
62	91	0
63	91	0
64	91	0
65	90	0
66	90	0
67	90	0
68	90	0
69	90	0
70	90	0
71	90	0
72	90	0
73	90	0
74	91	0
75	90	0
76	90	0
77	90	0
78	90	0
79	90	0
80	90	0
81	91	0
82	90	0
83	91	0
84	91	0
85	90	0
86	90	0
87	90	0
88	91	0
89	90	0
90	90	0
91	91	0
92	90	0
93	90	0
94	90	0
95	91	0
96	90	0
97	90	0
98	90	0
99	91	0
100	90	0
101	92	0
102	90	0
103	90	0
104	90	0
105	90	0
106	91	0
107	91	0
108	90	0
109	90	0
110	90	0
111	90	0
112	90	0
113	90	0
114	90	0
115	90	0
116	90	0
117	90	0
118	90	0
119	91	0
120	90	0
121	91	0
122	90	0
123	91	0
124	90	0
125	90	0
126	90	0
127	90	0
128	90	0
129	90	0
130	91	0
131	90	0
132	90	0
133	90	0
134	90	0
135	90	0
136	90	0
137	90	0
138	90	0
139	90	0
140	90	0
141	91	0
142	91	0
143	91	0
144	90	0
145	90	0
146	90	0
147	90	0
148	90	0
149	90	0
150	91	0
151	90	0
152	91	0
153	90	0
154	91	0
155	90	0
156	91	0
157	91	0
158	91	0
159	91	0
160	91	0
161	91	0
162	91	0
163	91	0
164	91	0
165	91	0
166	91	0
167	90	0
168	90	0
169	90	0
170	90	0
171	90	0
172	91	0
173	91	0
174	90	0
175	91	0
176	91	0
177	91	0
178	91	0
179	90	0
180	90	0
181	90	0
182	90	0
183	89	0
184	91	0
185	90	0
186	91	0
187	90	0
188	91	0
189	90	0
190	90	0
191	90	0
192	90	0
193	91	0
194	91	0
195	91	0
196	90	0
197	90	0
198	91	0
199	90	0
200	90	0
201	89	0
202	90	0
203	90	0
204	90	0
205	90	0
206	90	0
207	90	0
208	90	0
209	91	0
210	91	0
211	91	0
212	90	0
213	91	0
214	91	0
215	90	0
216	90	0
217	90	0
218	90	0
219	90	0
220	90	0
221	91	0
222	90	0
223	90	0
224	91	0
225	91	0
226	91	0
227	91	0
228	90	0
229	90	0
230	90	0
231	90	0
232	90	0
233	90	0
234	90	0
235	90	0
236	91	0
237	90	0
238	90	0
239	90	0
240	90	0
241	90	0
242	90	0
243	91	0
244	91	0
245	90	0
246	91	0
247	90	0
248	91	0
249	91	0
250	91	0
251	91	0
252	90	0
253	90	0
254	90	0
255	90	0
256	90	0
257	90	0
258	90	0
259	90	0
260	91	0
261	90	0
262	90	0
263	90	0
264	90	0
265	91	0
266	91	0
267	91	0
268	91	0
269	90	0
270	90	0
271	90	0
272	90	0
273	90	0
274	90	0
275	91	0
276	90	0
277	91	0
278	91	0
279	91	0
280	91	0
281	91	0
282	91	0
283	91	0
284	91	0
285	90	0
286	91	0
287	90	0
288	90	0
289	91	0
290	91	0
291	91	0
292	90	0
293	91	0
294	91	0
295	91	0
296	91	0
297	91	0
298	91	0
299	90	0
300	90	0
301	90	0
302	90	0
303	90	0
304	90	0
305	91	0
306	91	0
307	91	0
308	90	0
309	91	0
310	91	0
311	90	0
312	90	0
313	91	0
314	90	0
315	90	0
316	91	0
317	90	0
318	91	0
319	91	0
320	91	0
321	91	0
322	90	0
323	91	0
324	91	0
325	90	0
326	90	0
327	90	0
328	91	0
329	91	0
330	91	0
331	91	0
332	90	0
333	91	0
334	91	0
335	91	0
336	90	0
337	91	0
338	91	0
339	90	0
340	90	0
341	91	0
342	91	0
343	90	0
344	90	0
345	90	0
346	90	0
347	91	0
348	91	0
349	91	0
350	90	0
351	90	0
352	91	0
353	90	0
354	90	0
355	91	0
356	90	0
357	91	0
358	91	0
359	91	0
360	91	0
361	91	0
362	91	0
363	91	0
364	90	0
365	90	0
366	90	0
367	91	0
368	90	0
369	90	0
370	90	0
371	91	0
372	90	0
373	90	0
374	90	0
375	90	0
376	90	0
377	90	0
378	91	0
379	91	0
380	91	0
381	90	0
382	90	0
383	90	0
384	91	0
385	90	0
386	90	0
387	90	0
388	91	0
389	91	0
390	90	0
391	90	0
392	91	0
393	91	0
394	90	0
395	91	0
396	90	0
397	90	0
398	90	0
399	91	0
400	91	0
401	91	0
402	90	0
403	90	0
404	90	0
405	90	0
406	90	0
407	91	0
408	90	0
409	90	0
410	90	0
411	91	0
412	91	0
413	90	0
414	91	0
415	90	0
416	90	0
417	89	0
418	90	0
419	90	0
420	90	0
421	90	0
422	90	0
423	90	0
424	90	0
425	90	0
426	91	0
427	90	0
428	91	0
429	91	0
430	91	0
431	91	0
432	90	0
433	91	0
434	90	0
435	91	0
436	90	0
437	90	0
438	90	0
439	91	0
440	90	0
441	90	0
442	90	0
443	91	0
444	90	0
445	90	0
446	90	0
447	90	0
448	90	0
449	90	0
450	91	0
451	90	0
452	90	0
453	90	0
454	90	0
455	90	0
456	90	0
457	91	0
458	91	0
459	90	0
460	90	0
461	91	0
462	90	0
463	90	0
464	90	0
465	90	0
466	90	0
467	90	0
468	90	0
469	91	0
470	90	0
471	90	0
472	90	0
473	90	0
474	90	0
475	90	0
476	90	0
477	90	0
478	90	0
479	91	0
480	90	0
481	91	0
482	90	0
483	90	0
484	91	0
485	91	0
486	91	0
487	91	0
488	91	0
489	90	0
490	91	0
491	91	0
492	90	0
493	91	0
494	91	0
495	91	0
496	91	0
497	90	0
498	90	0
499	90	0
500	91	0
501	90	0
502	90	0
503	91	0
504	90	0
505	90	0
506	90	0
507	90	0
508	90	0
509	90	0
510	90	0
511	90	0
512	90	0
513	90	0
514	90	0
515	90	0
516	90	0
517	90	0
518	91	0
519	90	0
520	91	0
521	91	0
522	90	0
523	91	0
524	90	0
525	90	0
526	91	0
527	91	0
528	90	0
529	91	0
530	90	0
531	91	0
532	91	0
533	90	0
534	90	0
535	90	0
536	91	0
537	91	0
538	91	0
539	91	0
540	91	0
541	90	0
542	90	0
543	90	0
544	90	0
545	90	0
546	90	0
547	90	0
548	90	0
549	90	0
550	90	0
551	90	0
552	90	0
553	91	0
554	90	0
555	90	0
556	90	0
557	90	0
558	90	0
559	90	0
560	90	0
561	91	0
562	91	0
563	91	0
564	90	0
565	90	0
566	90	0
567	90	0
568	90	0
569	90	0
570	90	0
571	90	0
572	90	0
573	90	0
574	90	0
575	91	0
576	90	0
577	90	0
578	91	0
579	90	0
580	91	0
581	90	0
582	90	0
583	90	0
584	90	0
585	90	0
586	90	0
587	90	0
588	91	0
589	90	0
590	90	0
591	91	0
592	90	0
593	90	0
594	90	0
595	90	0
596	90	0
597	90	0
598	90	0
599	90	0
600	91	0
601	91	0
602	91	0
603	90	0
604	90	0
605	90	0
606	90	0
607	90	0
608	90	0
609	91	0
610	90	0
611	90	0
612	91	0
613	91	0
614	91	0
615	91	0
616	91	0
617	91	0
618	91	0
619	90	0
620	91	0
621	90	0
622	90	0
623	90	0
624	91	0
625	90	0
626	91	0
627	90	0
628	91	0
629	91	0
630	91	0
631	91	0
632	91	0
633	91	0
634	91	0
635	91	0
636	90	0
637	90	0
638	91	0
639	90	0
640	90	0
641	91	0
642	91	0
643	91	0
644	90	0
645	90	0
646	91	0
647	91	0
648	91	0
649	91	0
650	90	0
651	91	0
652	90	0
653	91	0
654	91	0
655	91	0
656	91	0
657	91	0
658	90	0
659	90	0
660	91	0
661	91	0
662	90	0
663	90	0
664	90	0
665	90	0
666	90	0
667	90	0
668	90	0
669	90	0
670	91	0
671	91	0
672	90	0
673	91	0
674	91	0
675	91	0
676	90	0
677	91	0
678	90	0
679	91	0
680	90	0
681	91	0
682	90	0
683	90	0
684	90	0
685	91	0
686	90	0
687	90	0
688	90	0
689	90	0
690	90	0
691	90	0
692	90	0
693	90	0
694	90	0
695	90	0
696	90	0
697	91	0
698	91	0
699	90	0
700	91	0
701	90	0
702	91	0
703	91	0
704	90	0
705	90	0
706	90	0
707	90	0
708	90	0
709	90	0
710	91	0
711	90	0
712	91	0
713	91	0
714	90	0
715	90	0
716	90	0
717	90	0
718	90	0
719	90	0
720	90	0
721	90	0
722	90	0
723	90	0
724	90	0
725	90	0
726	90	0
727	90	0
728	91	0
729	91	0
730	91	0
731	91	0
732	90	0
733	91	0
734	91	0
735	91	0
736	90	0
737	90	0
738	90	0
739	91	0
740	90	0
741	91	0
742	90	0
743	90	0
744	90	0
745	90	0
746	90	0
747	90	0
748	90	0
749	90	0
750	90	0
751	90	0
752	90	0
753	91	0
754	90	0
755	90	0
756	91	0
757	91	0
758	91	0
759	90	0
760	90	0
761	90	0
762	90	0
763	91	0
764	90	0
765	91	0
766	90	0
767	91	0
768	90	0
769	90	0
770	90	0
771	90	0
772	91	0
773	90	0
774	91	0
775	90	0
776	90	0
777	90	0
778	90	0
779	90	0
780	91	0
781	91	0
782	90	0
783	90	0
784	90	0
785	91	0
786	90	0
787	90	0
788	91	0
789	90	0
790	90	0
791	90	0
792	91	0
793	90	0
794	91	0
795	90	0
796	90	0
797	90	0
798	90	0
799	90	0
800	90	0
801	91	0
802	91	0
803	90	0
804	91	0
805	90	0
806	90	0
807	90	0
808	91	0
809	91	0
810	90	0
811	90	0
812	90	0
813	90	0
814	91	0
815	90	0
816	90	0
817	90	0
818	90	0
819	90	0
820	90	0
821	90	0
822	90	0
823	90	0
824	90	0
825	90	0
826	90	0
827	90	0
828	90	0
829	90	0
830	90	0
831	89	0
832	91	0
833	90	0
834	90	0
835	90	0
836	90	0
837	90	0
838	90	0
839	90	0
840	90	0
841	90	0
842	91	0
843	90	0
844	90	0
845	91	0
846	90	0
847	90	0
848	91	0
849	91	0
850	90	0
851	90	0
852	90	0
853	91	0
854	90	0
855	90	0
856	90	0
857	91	0
858	90	0
859	91	0
860	90	0
861	91	0
862	90	0
863	90	0
864	90	0
865	90	0
866	90	0
867	90	0
868	91	0
869	91	0
870	90	0
871	90	0
872	90	0
873	90	0
874	90	0
875	90	0
876	90	0
877	91	0
878	90	0
879	91	0
880	90	0
881	90	0
882	90	0
883	91	0
884	90	0
885	90	0
886	90	0
887	91	0
888	91	0
889	90	0
890	90	0
891	90	0
892	90	0
893	90	0
894	91	0
895	90	0
896	90	0
897	91	0
898	90	0
899	91	0
900	90	0
901	90	0
902	90	0
903	91	0
904	90	0
905	90	0
906	90	0
907	91	0
908	91	0
909	90	0
910	90	0
911	90	0
912	91	0
913	91	0
914	91	0
915	91	0
916	91	0
917	90	0
918	90	0
919	90	0
920	91	0
921	91	0
922	91	0
923	90	0
924	90	0
925	91	0
926	90	0
927	90	0
928	90	0
929	90	0
930	91	0
931	91	0
932	91	0
933	91	0
934	90	0
935	90	0
936	90	0
937	90	0
938	91	0
939	90	0
940	91	0
941	90	0
942	90	0
943	90	0
944	90	0
945	90	0
946	90	0
947	91	0
948	91	0
949	90	0
950	90	0
951	90	0
952	90	0
953	91	0
954	90	0
955	91	0
956	90	0
957	91	0
958	91	0
959	90	0
960	90	0
961	91	0
962	91	0
963	90	0
964	90	0
965	91	0
966	90	0
967	90	0
968	90	0
969	90	0
970	91	0
971	91	0
972	91	0
973	91	0
974	90	0
975	90	0
976	90	0
977	90	0
978	91	0
979	91	0
980	91	0
981	91	0
982	90	0
983	90	0
984	90	0
985	91	0
986	90	0
987	90	0
988	90	0
989	91	0
990	90	0
991	90	0
992	90	0
993	91	0
994	90	0
995	90	0
996	90	0
997	90	0
998	90	0
999	90	0
