Oscilloscope data. 
Time step = 1,000 uS
Voltage step = 31,25 mV
Zero level = 91

N 	Smpl.	Trig

0	83	0
1	28	0
2	99	0
3	155	0
4	83	0
5	27	0
6	99	0
7	155	0
8	83	0
9	28	0
10	99	0
11	155	0
12	83	0
13	27	0
14	99	0
15	155	0
16	83	0
17	28	0
18	99	0
19	155	0
20	83	0
21	27	0
22	99	0
23	155	0
24	83	0
25	27	0
26	99	0
27	155	0
28	84	0
29	28	0
30	99	0
31	155	0
32	83	0
33	28	0
34	99	0
35	155	0
36	83	0
37	28	0
38	99	0
39	155	0
40	83	0
41	28	0
42	99	0
43	155	0
44	83	0
45	28	0
46	99	0
47	155	0
48	83	0
49	28	0
50	99	0
51	155	0
52	83	0
53	28	0
54	99	0
55	155	0
56	83	0
57	27	0
58	99	0
59	155	0
60	83	0
61	28	0
62	99	0
63	155	0
64	83	0
65	28	0
66	99	0
67	155	0
68	83	0
69	28	0
70	99	0
71	155	0
72	83	0
73	28	0
74	99	0
75	155	0
76	83	0
77	28	0
78	99	0
79	155	0
80	83	0
81	28	0
82	99	0
83	155	0
84	83	0
85	28	0
86	99	0
87	155	0
88	83	0
89	28	0
90	99	0
91	155	0
92	83	0
93	28	0
94	99	0
95	155	0
96	83	0
97	27	0
98	99	0
99	155	0
100	83	0
101	27	0
102	99	0
103	155	0
104	83	0
105	28	0
106	99	0
107	155	0
108	83	0
109	27	0
110	99	0
111	155	0
112	83	0
113	27	0
114	99	0
115	155	0
116	83	0
117	28	0
118	99	0
119	155	0
120	83	0
121	28	0
122	99	0
123	155	0
124	83	0
125	27	0
126	99	0
127	155	0
128	83	0
129	28	0
130	99	0
131	155	0
132	83	0
133	28	0
134	99	0
135	155	0
136	83	0
137	27	0
138	99	0
139	155	0
140	83	0
141	28	0
142	99	0
143	155	0
144	83	0
145	28	0
146	99	0
147	155	0
148	84	0
149	28	0
150	99	0
151	155	0
152	83	0
153	28	0
154	99	0
155	155	0
156	83	0
157	28	0
158	99	0
159	155	0
160	83	0
161	28	0
162	99	0
163	155	0
164	83	0
165	28	0
166	99	0
167	155	0
168	83	0
169	28	0
170	99	0
171	155	0
172	83	0
173	27	0
174	99	0
175	155	0
176	83	0
177	28	0
178	99	0
179	155	0
180	83	0
181	28	0
182	99	0
183	155	0
184	83	0
185	28	0
186	99	0
187	155	0
188	83	0
189	28	0
190	99	0
191	155	0
192	83	0
193	27	0
194	99	0
195	155	0
196	83	0
197	27	0
198	99	0
199	155	0
200	83	0
201	28	0
202	99	0
203	155	0
204	83	0
205	28	0
206	99	0
207	155	0
208	83	0
209	27	0
210	99	0
211	155	0
212	83	0
213	28	0
214	99	0
215	155	0
216	83	0
217	27	0
218	99	0
219	155	0
220	83	0
221	27	0
222	99	0
223	155	0
224	83	0
225	28	0
226	99	0
227	155	0
228	83	0
229	28	0
230	99	0
231	155	0
232	84	0
233	27	0
234	99	0
235	155	0
236	83	0
237	28	0
238	99	0
239	155	0
240	84	0
241	28	0
242	99	0
243	155	0
244	83	0
245	28	0
246	99	0
247	155	0
248	84	0
249	27	0
250	99	0
251	155	0
252	84	0
253	28	0
254	99	0
255	155	0
256	83	0
257	28	0
258	99	0
259	155	0
260	83	0
261	27	0
262	99	0
263	155	0
264	83	0
265	28	0
266	99	0
267	155	0
268	83	0
269	27	0
270	99	0
271	155	0
272	83	0
273	27	0
274	99	0
275	155	0
276	83	0
277	27	0
278	99	0
279	155	0
280	83	0
281	27	0
282	99	0
283	155	0
284	83	0
285	27	0
286	99	0
287	155	0
288	83	0
289	28	0
290	99	0
291	155	0
292	83	0
293	28	0
294	99	0
295	155	0
296	83	0
297	27	0
298	99	0
299	155	0
300	83	0
301	27	0
302	99	0
303	155	0
304	83	0
305	27	0
306	99	0
307	155	0
308	83	0
309	28	0
310	99	0
311	155	0
312	83	0
313	27	0
314	99	0
315	155	0
316	83	0
317	28	0
318	99	0
319	155	0
320	83	0
321	27	0
322	99	0
323	155	0
324	83	0
325	28	0
326	99	0
327	155	0
328	83	0
329	27	0
330	99	0
331	155	0
332	83	0
333	28	0
334	99	0
335	155	0
336	83	0
337	27	0
338	99	0
339	155	0
340	83	0
341	28	0
342	99	0
343	155	0
344	83	0
345	27	0
346	99	0
347	155	0
348	83	0
349	28	0
350	99	0
351	155	0
352	83	0
353	28	0
354	99	0
355	155	0
356	83	0
357	28	0
358	99	0
359	155	0
360	83	0
361	28	0
362	99	0
363	155	0
364	83	0
365	27	0
366	99	0
367	155	0
368	83	0
369	28	0
370	99	0
371	155	0
372	83	0
373	28	0
374	99	0
375	155	0
376	83	0
377	28	0
378	99	0
379	155	0
380	83	0
381	28	0
382	99	0
383	155	0
384	83	0
385	28	0
386	99	0
387	155	0
388	83	0
389	28	0
390	99	0
391	155	0
392	83	0
393	27	0
394	99	0
395	155	0
396	84	0
397	28	0
398	99	0
399	155	0
400	83	0
401	28	0
402	99	0
403	155	0
404	83	0
405	27	0
406	99	0
407	155	0
408	83	0
409	28	0
410	99	0
411	155	0
412	83	0
413	28	0
414	99	0
415	155	0
416	83	0
417	28	0
418	99	0
419	155	0
420	83	0
421	28	0
422	99	0
423	155	0
424	83	0
425	28	0
426	99	0
427	155	0
428	83	0
429	28	0
430	99	0
431	155	0
432	83	0
433	28	0
434	99	0
435	155	0
436	83	0
437	28	0
438	99	0
439	155	0
440	83	0
441	28	0
442	99	0
443	155	0
444	83	0
445	28	0
446	99	0
447	155	0
448	83	0
449	28	0
450	99	0
451	155	0
452	83	0
453	27	0
454	99	0
455	155	0
456	83	0
457	27	0
458	99	0
459	155	0
460	83	0
461	28	0
462	99	0
463	155	0
464	83	0
465	28	0
466	99	0
467	155	0
468	83	0
469	28	0
470	99	0
471	155	0
472	83	0
473	28	0
474	99	0
475	155	0
476	83	0
477	28	0
478	99	0
479	155	0
480	83	0
481	28	0
482	99	0
483	155	0
484	83	0
485	28	0
486	99	0
487	155	0
488	83	0
489	28	0
490	99	0
491	155	0
492	83	0
493	28	0
494	99	0
495	155	0
496	84	0
497	27	0
498	99	0
499	155	0
500	83	0
501	28	0
502	99	0
503	155	0
504	83	0
505	27	0
506	99	0
507	155	0
508	83	0
509	27	0
510	99	0
511	155	0
512	83	0
513	28	0
514	99	0
515	155	0
516	83	0
517	27	0
518	99	0
519	155	0
520	84	0
521	28	0
522	99	0
523	155	0
524	83	0
525	28	0
526	99	0
527	155	0
528	83	0
529	28	0
530	99	0
531	155	0
532	83	0
533	27	0
534	99	0
535	155	0
536	83	0
537	28	0
538	99	0
539	155	0
540	83	0
541	28	0
542	99	0
543	155	0
544	83	0
545	27	0
546	99	0
547	155	0
548	84	0
549	27	0
550	99	0
551	155	0
552	83	0
553	28	0
554	99	0
555	155	0
556	83	0
557	28	0
558	99	0
559	155	0
560	83	0
561	27	0
562	99	0
563	155	0
564	83	0
565	28	0
566	99	0
567	155	0
568	83	0
569	27	0
570	99	0
571	155	0
572	83	0
573	28	0
574	99	0
575	154	0
576	83	0
577	27	0
578	99	0
579	155	0
580	83	0
581	28	0
582	99	0
583	155	0
584	83	0
585	28	0
586	99	0
587	155	0
588	83	0
589	27	0
590	99	0
591	155	0
592	83	0
593	27	0
594	99	0
595	155	0
596	84	0
597	28	0
598	99	0
599	155	0
600	83	0
601	28	0
602	99	0
603	155	0
604	83	0
605	27	0
606	99	0
607	155	0
608	83	0
609	28	0
610	99	0
611	155	0
612	83	0
613	28	0
614	99	0
615	155	0
616	84	0
617	27	0
618	99	0
619	155	0
620	83	0
621	27	0
622	99	0
623	155	0
624	83	0
625	27	0
626	99	0
627	155	0
628	83	0
629	28	0
630	99	0
631	155	0
632	83	0
633	27	0
634	99	0
635	155	0
636	83	0
637	27	0
638	99	0
639	155	0
640	84	0
641	27	0
642	99	0
643	155	0
644	83	0
645	28	0
646	99	0
647	155	0
648	83	0
649	28	0
650	99	0
651	155	0
652	83	0
653	28	0
654	99	0
655	155	0
656	83	0
657	28	0
658	99	0
659	155	0
660	83	0
661	27	0
662	99	0
663	155	0
664	83	0
665	28	0
666	99	0
667	155	0
668	83	0
669	28	0
670	99	0
671	155	0
672	83	0
673	28	0
674	99	0
675	155	0
676	83	0
677	28	0
678	99	0
679	155	0
680	84	0
681	27	0
682	99	0
683	155	0
684	83	0
685	28	0
686	99	0
687	155	0
688	83	0
689	28	0
690	99	0
691	155	0
692	83	0
693	28	0
694	99	0
695	155	0
696	83	0
697	28	0
698	99	0
699	155	0
700	83	0
701	28	0
702	99	0
703	155	0
704	83	0
705	28	0
706	99	0
707	155	0
708	83	0
709	28	0
710	99	0
711	155	0
712	83	0
713	28	0
714	99	0
715	155	0
716	83	0
717	28	0
718	99	0
719	155	0
720	83	0
721	27	0
722	99	0
723	155	0
724	83	0
725	28	0
726	99	0
727	155	0
728	83	0
729	27	0
730	99	0
731	155	0
732	83	0
733	28	0
734	99	0
735	155	0
736	83	0
737	28	0
738	99	0
739	155	0
740	83	0
741	28	0
742	99	0
743	155	0
744	83	0
745	28	0
746	99	0
747	155	0
748	83	0
749	27	0
750	99	0
751	155	0
752	83	0
753	28	0
754	99	0
755	155	0
756	83	0
757	27	0
758	99	0
759	155	0
760	83	0
761	28	0
762	99	0
763	155	0
764	83	0
765	27	0
766	99	0
767	155	0
768	83	0
769	28	0
770	99	0
771	155	0
772	83	0
773	28	0
774	99	0
775	155	0
776	83	0
777	28	0
778	99	0
779	155	0
780	83	0
781	28	0
782	99	0
783	155	0
784	83	0
785	28	0
786	99	0
787	155	0
788	83	0
789	28	0
790	99	0
791	155	0
792	83	0
793	28	0
794	99	0
795	155	0
796	83	0
797	28	0
798	99	0
799	155	0
800	83	0
801	28	0
802	99	0
803	155	0
804	83	0
805	28	0
806	99	0
807	155	0
808	84	0
809	28	0
810	99	0
811	155	0
812	83	0
813	28	0
814	99	0
815	155	0
816	83	0
817	28	0
818	99	0
819	155	0
820	83	0
821	28	0
822	99	0
823	155	0
824	83	0
825	27	0
826	99	0
827	155	0
828	83	0
829	27	0
830	99	0
831	155	0
832	83	0
833	27	0
834	99	0
835	155	0
836	83	0
837	27	0
838	99	0
839	155	0
840	83	0
841	27	0
842	99	0
843	155	0
844	83	0
845	27	0
846	99	0
847	155	0
848	83	0
849	28	0
850	99	0
851	155	0
852	83	0
853	29	0
854	99	0
855	155	0
856	83	0
857	28	0
858	99	0
859	155	0
860	83	0
861	28	0
862	99	0
863	155	0
864	84	0
865	28	0
866	99	0
867	155	0
868	83	0
869	28	0
870	99	0
871	155	0
872	83	0
873	28	0
874	99	0
875	155	0
876	83	0
877	28	0
878	99	0
879	155	0
880	83	0
881	28	0
882	99	0
883	155	0
884	83	0
885	28	0
886	99	0
887	155	0
888	83	0
889	28	0
890	99	0
891	155	0
892	83	0
893	27	0
894	99	0
895	155	0
896	83	0
897	28	0
898	99	0
899	155	0
900	84	0
901	28	0
902	99	0
903	155	0
904	83	0
905	28	0
906	99	0
907	155	0
908	83	0
909	27	0
910	99	0
911	155	0
912	83	0
913	28	0
914	99	0
915	155	0
916	83	0
917	28	0
918	99	0
919	155	0
920	83	0
921	28	0
922	99	0
923	155	0
924	83	0
925	28	0
926	99	0
927	155	0
928	83	0
929	27	0
930	99	0
931	155	0
932	83	0
933	28	0
934	99	0
935	155	0
936	83	0
937	28	0
938	99	0
939	155	0
940	83	0
941	28	0
942	99	0
943	155	0
944	83	0
945	27	0
946	99	0
947	155	0
948	84	0
949	28	0
950	99	0
951	155	0
952	83	0
953	28	0
954	99	0
955	155	0
956	83	0
957	27	0
958	99	0
959	155	0
960	83	0
961	27	0
962	99	0
963	155	0
964	83	0
965	27	0
966	99	0
967	155	0
968	83	0
969	28	0
970	99	0
971	155	0
972	84	0
973	28	0
974	99	0
975	155	0
976	83	0
977	28	0
978	99	0
979	155	0
980	83	0
981	27	0
982	99	0
983	155	0
984	83	0
985	27	0
986	99	0
987	155	0
988	83	0
989	27	0
990	99	0
991	155	0
992	83	0
993	28	0
994	99	0
995	155	0
996	83	0
997	28	0
998	99	0
999	155	0
