Oscilloscope data. 
Time step = 1,000 uS
Voltage step = 31,25 mV
Zero level = 91

N 	Smpl.	Trig

0	132	0
1	140	0
2	50	0
3	41	0
4	132	0
5	140	0
6	49	0
7	42	0
8	133	0
9	140	0
10	51	0
11	42	0
12	133	0
13	140	0
14	51	0
15	41	0
16	132	0
17	140	0
18	50	0
19	41	0
20	132	0
21	140	0
22	50	0
23	41	0
24	133	0
25	140	0
26	51	0
27	41	0
28	132	0
29	140	0
30	50	0
31	41	0
32	132	0
33	140	0
34	51	0
35	42	0
36	132	0
37	141	0
38	51	0
39	41	0
40	132	0
41	140	0
42	51	0
43	42	0
44	132	0
45	140	0
46	51	0
47	41	0
48	132	0
49	140	0
50	50	0
51	41	0
52	132	0
53	140	0
54	50	0
55	42	0
56	132	0
57	140	0
58	50	0
59	42	0
60	132	0
61	140	0
62	50	0
63	42	0
64	132	0
65	140	0
66	51	0
67	42	0
68	132	0
69	140	0
70	51	0
71	42	0
72	132	0
73	140	0
74	51	0
75	41	0
76	133	0
77	140	0
78	50	0
79	42	0
80	132	0
81	140	0
82	50	0
83	41	0
84	133	0
85	140	0
86	49	0
87	41	0
88	132	0
89	140	0
90	50	0
91	42	0
92	132	0
93	140	0
94	50	0
95	41	0
96	132	0
97	140	0
98	51	0
99	42	0
100	132	0
101	140	0
102	49	0
103	42	0
104	132	0
105	140	0
106	50	0
107	42	0
108	132	0
109	140	0
110	50	0
111	41	0
112	132	0
113	140	0
114	50	0
115	43	0
116	132	0
117	140	0
118	50	0
119	43	0
120	132	0
121	140	0
122	51	0
123	42	0
124	132	0
125	140	0
126	50	0
127	41	0
128	132	0
129	140	0
130	50	0
131	42	0
132	132	0
133	140	0
134	50	0
135	42	0
136	133	0
137	140	0
138	51	0
139	41	0
140	132	0
141	140	0
142	51	0
143	42	0
144	132	0
145	140	0
146	50	0
147	42	0
148	132	0
149	140	0
150	51	0
151	42	0
152	132	0
153	140	0
154	51	0
155	42	0
156	132	0
157	140	0
158	50	0
159	42	0
160	132	0
161	140	0
162	50	0
163	42	0
164	132	0
165	140	0
166	51	0
167	43	0
168	133	0
169	140	0
170	51	0
171	42	0
172	133	0
173	140	0
174	51	0
175	42	0
176	132	0
177	140	0
178	51	0
179	42	0
180	132	0
181	140	0
182	50	0
183	42	0
184	132	0
185	140	0
186	50	0
187	42	0
188	132	0
189	140	0
190	49	0
191	43	0
192	132	0
193	140	0
194	50	0
195	41	0
196	132	0
197	140	0
198	51	0
199	42	0
200	132	0
201	140	0
202	50	0
203	43	0
204	132	0
205	140	0
206	50	0
207	41	0
208	132	0
209	140	0
210	50	0
211	41	0
212	132	0
213	140	0
214	50	0
215	42	0
216	132	0
217	140	0
218	50	0
219	41	0
220	132	0
221	140	0
222	50	0
223	41	0
224	132	0
225	140	0
226	50	0
227	42	0
228	132	0
229	140	0
230	50	0
231	41	0
232	132	0
233	140	0
234	51	0
235	41	0
236	132	0
237	140	0
238	50	0
239	42	0
240	133	0
241	140	0
242	50	0
243	42	0
244	132	0
245	140	0
246	50	0
247	42	0
248	132	0
249	140	0
250	51	0
251	41	0
252	133	0
253	140	0
254	51	0
255	41	0
256	133	0
257	140	0
258	51	0
259	41	0
260	132	0
261	140	0
262	49	0
263	42	0
264	132	0
265	140	0
266	50	0
267	42	0
268	132	0
269	140	0
270	51	0
271	43	0
272	132	0
273	140	0
274	50	0
275	42	0
276	132	0
277	140	0
278	50	0
279	42	0
280	132	0
281	140	0
282	51	0
283	42	0
284	132	0
285	140	0
286	50	0
287	41	0
288	132	0
289	140	0
290	51	0
291	42	0
292	132	0
293	140	0
294	50	0
295	41	0
296	132	0
297	140	0
298	50	0
299	41	0
300	132	0
301	140	0
302	51	0
303	42	0
304	132	0
305	140	0
306	50	0
307	42	0
308	132	0
309	140	0
310	51	0
311	41	0
312	132	0
313	140	0
314	51	0
315	41	0
316	133	0
317	140	0
318	50	0
319	43	0
320	132	0
321	140	0
322	51	0
323	42	0
324	132	0
325	140	0
326	50	0
327	42	0
328	132	0
329	140	0
330	50	0
331	42	0
332	132	0
333	140	0
334	49	0
335	42	0
336	132	0
337	140	0
338	51	0
339	41	0
340	132	0
341	140	0
342	50	0
343	42	0
344	132	0
345	140	0
346	51	0
347	42	0
348	133	0
349	140	0
350	51	0
351	42	0
352	132	0
353	140	0
354	51	0
355	41	0
356	133	0
357	140	0
358	51	0
359	41	0
360	132	0
361	140	0
362	50	0
363	41	0
364	132	0
365	140	0
366	50	0
367	42	0
368	132	0
369	140	0
370	49	0
371	43	0
372	132	0
373	140	0
374	49	0
375	41	0
376	132	0
377	140	0
378	51	0
379	42	0
380	132	0
381	140	0
382	50	0
383	42	0
384	132	0
385	140	0
386	50	0
387	42	0
388	132	0
389	140	0
390	50	0
391	42	0
392	132	0
393	140	0
394	50	0
395	41	0
396	132	0
397	140	0
398	51	0
399	41	0
400	132	0
401	140	0
402	50	0
403	42	0
404	132	0
405	140	0
406	50	0
407	42	0
408	132	0
409	140	0
410	50	0
411	41	0
412	132	0
413	140	0
414	51	0
415	42	0
416	132	0
417	140	0
418	50	0
419	42	0
420	132	0
421	140	0
422	51	0
423	42	0
424	133	0
425	140	0
426	50	0
427	42	0
428	132	0
429	140	0
430	51	0
431	42	0
432	132	0
433	140	0
434	50	0
435	42	0
436	133	0
437	140	0
438	50	0
439	41	0
440	132	0
441	140	0
442	50	0
443	42	0
444	132	0
445	140	0
446	51	0
447	42	0
448	133	0
449	140	0
450	50	0
451	42	0
452	132	0
453	140	0
454	51	0
455	41	0
456	132	0
457	140	0
458	51	0
459	41	0
460	132	0
461	140	0
462	50	0
463	42	0
464	132	0
465	140	0
466	51	0
467	41	0
468	132	0
469	140	0
470	51	0
471	41	0
472	132	0
473	140	0
474	51	0
475	42	0
476	132	0
477	140	0
478	50	0
479	41	0
480	133	0
481	140	0
482	50	0
483	41	0
484	132	0
485	140	0
486	50	0
487	42	0
488	132	0
489	140	0
490	50	0
491	41	0
492	132	0
493	140	0
494	51	0
495	42	0
496	132	0
497	140	0
498	50	0
499	42	0
500	132	0
501	140	0
502	51	0
503	41	0
504	132	0
505	140	0
506	50	0
507	41	0
508	133	0
509	140	0
510	50	0
511	41	0
512	132	0
513	140	0
514	51	0
515	41	0
516	132	0
517	140	0
518	50	0
519	41	0
520	132	0
521	140	0
522	50	0
523	42	0
524	132	0
525	140	0
526	51	0
527	42	0
528	132	0
529	140	0
530	50	0
531	43	0
532	132	0
533	140	0
534	50	0
535	41	0
536	132	0
537	140	0
538	50	0
539	41	0
540	132	0
541	140	0
542	50	0
543	42	0
544	132	0
545	140	0
546	49	0
547	41	0
548	132	0
549	140	0
550	50	0
551	42	0
552	132	0
553	140	0
554	50	0
555	42	0
556	132	0
557	140	0
558	50	0
559	42	0
560	133	0
561	140	0
562	49	0
563	43	0
564	132	0
565	140	0
566	50	0
567	43	0
568	132	0
569	140	0
570	50	0
571	42	0
572	132	0
573	140	0
574	51	0
575	41	0
576	132	0
577	140	0
578	50	0
579	43	0
580	132	0
581	140	0
582	50	0
583	42	0
584	132	0
585	140	0
586	51	0
587	41	0
588	132	0
589	140	0
590	50	0
591	42	0
592	132	0
593	140	0
594	50	0
595	42	0
596	132	0
597	140	0
598	50	0
599	42	0
600	132	0
601	140	0
602	49	0
603	42	0
604	132	0
605	140	0
606	50	0
607	42	0
608	132	0
609	140	0
610	51	0
611	41	0
612	132	0
613	140	0
614	51	0
615	42	0
616	132	0
617	140	0
618	50	0
619	41	0
620	132	0
621	140	0
622	50	0
623	41	0
624	132	0
625	140	0
626	51	0
627	42	0
628	132	0
629	140	0
630	50	0
631	41	0
632	133	0
633	140	0
634	51	0
635	41	0
636	132	0
637	140	0
638	50	0
639	41	0
640	132	0
641	140	0
642	50	0
643	42	0
644	132	0
645	140	0
646	51	0
647	42	0
648	132	0
649	140	0
650	51	0
651	42	0
652	133	0
653	140	0
654	50	0
655	41	0
656	132	0
657	140	0
658	50	0
659	41	0
660	132	0
661	140	0
662	51	0
663	42	0
664	132	0
665	140	0
666	49	0
667	43	0
668	133	0
669	140	0
670	50	0
671	41	0
672	132	0
673	140	0
674	50	0
675	41	0
676	132	0
677	140	0
678	50	0
679	42	0
680	132	0
681	140	0
682	51	0
683	42	0
684	133	0
685	140	0
686	50	0
687	42	0
688	132	0
689	140	0
690	50	0
691	41	0
692	132	0
693	140	0
694	50	0
695	42	0
696	132	0
697	140	0
698	50	0
699	41	0
700	132	0
701	140	0
702	50	0
703	43	0
704	132	0
705	140	0
706	49	0
707	42	0
708	132	0
709	140	0
710	50	0
711	43	0
712	132	0
713	140	0
714	50	0
715	42	0
716	133	0
717	140	0
718	50	0
719	42	0
720	132	0
721	140	0
722	50	0
723	41	0
724	132	0
725	140	0
726	51	0
727	42	0
728	132	0
729	140	0
730	50	0
731	41	0
732	132	0
733	140	0
734	51	0
735	41	0
736	132	0
737	140	0
738	51	0
739	41	0
740	132	0
741	140	0
742	51	0
743	42	0
744	132	0
745	140	0
746	51	0
747	42	0
748	132	0
749	140	0
750	50	0
751	42	0
752	132	0
753	139	0
754	50	0
755	42	0
756	132	0
757	140	0
758	50	0
759	42	0
760	132	0
761	140	0
762	50	0
763	41	0
764	132	0
765	140	0
766	51	0
767	41	0
768	132	0
769	140	0
770	50	0
771	41	0
772	132	0
773	140	0
774	50	0
775	42	0
776	132	0
777	140	0
778	50	0
779	43	0
780	132	0
781	140	0
782	50	0
783	41	0
784	132	0
785	140	0
786	51	0
787	42	0
788	132	0
789	140	0
790	51	0
791	42	0
792	132	0
793	140	0
794	50	0
795	42	0
796	132	0
797	140	0
798	50	0
799	43	0
800	133	0
801	140	0
802	50	0
803	41	0
804	132	0
805	140	0
806	51	0
807	41	0
808	132	0
809	140	0
810	50	0
811	41	0
812	132	0
813	140	0
814	50	0
815	42	0
816	132	0
817	140	0
818	51	0
819	41	0
820	132	0
821	140	0
822	51	0
823	42	0
824	132	0
825	140	0
826	50	0
827	41	0
828	132	0
829	140	0
830	50	0
831	42	0
832	132	0
833	140	0
834	50	0
835	41	0
836	132	0
837	140	0
838	50	0
839	41	0
840	132	0
841	140	0
842	50	0
843	43	0
844	132	0
845	140	0
846	50	0
847	41	0
848	133	0
849	140	0
850	51	0
851	41	0
852	132	0
853	140	0
854	50	0
855	41	0
856	132	0
857	140	0
858	50	0
859	42	0
860	132	0
861	140	0
862	51	0
863	41	0
864	132	0
865	140	0
866	51	0
867	42	0
868	133	0
869	140	0
870	50	0
871	42	0
872	132	0
873	140	0
874	51	0
875	42	0
876	132	0
877	140	0
878	50	0
879	42	0
880	132	0
881	140	0
882	51	0
883	41	0
884	132	0
885	140	0
886	50	0
887	41	0
888	132	0
889	140	0
890	50	0
891	41	0
892	132	0
893	140	0
894	51	0
895	41	0
896	132	0
897	140	0
898	51	0
899	41	0
900	132	0
901	139	0
902	50	0
903	42	0
904	132	0
905	140	0
906	50	0
907	41	0
908	132	0
909	140	0
910	50	0
911	41	0
912	132	0
913	140	0
914	51	0
915	41	0
916	133	0
917	140	0
918	50	0
919	42	0
920	132	0
921	140	0
922	49	0
923	42	0
924	132	0
925	140	0
926	50	0
927	43	0
928	132	0
929	140	0
930	49	0
931	43	0
932	132	0
933	140	0
934	50	0
935	41	0
936	132	0
937	140	0
938	50	0
939	41	0
940	132	0
941	140	0
942	51	0
943	41	0
944	132	0
945	140	0
946	50	0
947	42	0
948	132	0
949	140	0
950	51	0
951	41	0
952	132	0
953	140	0
954	50	0
955	42	0
956	132	0
957	140	0
958	50	0
959	43	0
960	132	0
961	140	0
962	50	0
963	43	0
964	132	0
965	140	0
966	50	0
967	41	0
968	132	0
969	140	0
970	50	0
971	41	0
972	132	0
973	140	0
974	51	0
975	42	0
976	132	0
977	140	0
978	50	0
979	42	0
980	132	0
981	140	0
982	49	0
983	42	0
984	132	0
985	140	0
986	51	0
987	42	0
988	132	0
989	140	0
990	50	0
991	42	0
992	132	0
993	140	0
994	50	0
995	41	0
996	132	0
997	140	0
998	50	0
999	42	0
