Oscilloscope data. 
Time step = 50,00 nS
Voltage step = 31,25 mV
Zero level = 91

N 	Smpl.	Trig

0	65	0
1	65	0
2	65	0
3	65	0
4	65	0
5	65	0
6	65	0
7	65	0
8	65	0
9	65	0
10	65	0
11	65	0
12	65	0
13	65	0
14	65	0
15	65	0
16	65	0
17	65	0
18	65	0
19	65	0
20	65	0
21	65	0
22	65	0
23	65	0
24	65	0
25	65	0
26	65	0
27	65	0
28	65	0
29	65	0
30	65	0
31	65	0
32	65	0
33	65	0
34	65	0
35	65	0
36	65	0
37	65	0
38	65	0
39	65	0
40	65	0
41	65	0
42	65	0
43	65	0
44	65	0
45	65	0
46	65	0
47	65	0
48	65	0
49	65	0
50	65	0
51	65	0
52	65	0
53	65	0
54	65	0
55	65	0
56	65	0
57	65	0
58	65	0
59	65	0
60	66	0
61	65	0
62	65	0
63	65	0
64	65	0
65	65	0
66	65	0
67	65	0
68	65	0
69	65	0
70	65	0
71	65	0
72	65	0
73	65	0
74	65	0
75	65	0
76	65	0
77	65	0
78	65	0
79	65	0
80	65	0
81	65	0
82	65	0
83	65	0
84	65	0
85	65	0
86	65	0
87	65	0
88	65	0
89	65	0
90	65	0
91	65	0
92	65	0
93	65	0
94	65	0
95	65	0
96	65	0
97	65	0
98	65	0
99	65	0
100	65	0
101	196	0
102	194	0
103	193	0
104	193	0
105	194	0
106	194	0
107	193	0
108	193	0
109	193	0
110	193	0
111	193	0
112	194	0
113	194	0
114	193	0
115	193	0
116	193	0
117	193	0
118	193	0
119	194	0
120	194	0
121	193	0
122	193	0
123	193	0
124	193	0
125	193	0
126	193	0
127	193	0
128	193	0
129	193	0
130	193	0
131	194	0
132	193	0
133	193	0
134	193	0
135	193	0
136	193	0
137	193	0
138	193	0
139	193	0
140	193	0
141	63	0
142	64	0
143	65	0
144	65	0
145	65	0
146	65	0
147	65	0
148	65	0
149	65	0
150	65	0
151	65	0
152	65	0
153	65	0
154	65	0
155	65	0
156	65	0
157	65	0
158	65	0
159	65	0
160	65	0
161	64	0
162	65	0
163	65	0
164	65	0
165	65	0
166	65	0
167	65	0
168	65	0
169	64	0
170	65	0
171	65	0
172	65	0
173	65	0
174	65	0
175	65	0
176	65	0
177	65	0
178	65	0
179	65	0
180	65	0
181	65	0
182	65	0
183	65	0
184	65	0
185	65	0
186	65	0
187	65	0
188	65	0
189	65	0
190	65	0
191	65	0
192	65	0
193	65	0
194	65	0
195	65	0
196	65	0
197	65	0
198	65	0
199	65	0
200	65	0
201	65	0
202	65	0
203	65	0
204	65	0
205	65	0
206	65	0
207	65	0
208	65	0
209	65	0
210	65	0
211	65	0
212	65	0
213	65	0
214	65	0
215	65	0
216	65	0
217	65	0
218	65	0
219	65	0
220	65	0
221	65	0
222	65	0
223	65	0
224	65	0
225	65	0
226	65	0
227	65	0
228	65	0
229	65	0
230	65	0
231	65	0
232	65	0
233	65	0
234	65	0
235	65	0
236	65	0
237	65	0
238	65	0
239	65	0
240	65	0
241	65	0
242	65	0
243	65	0
244	65	0
245	65	0
246	65	0
247	65	0
248	65	0
249	65	0
250	65	0
251	65	0
252	65	0
253	65	0
254	65	0
255	65	0
256	65	0
257	65	0
258	65	0
259	65	0
260	65	0
261	65	0
262	65	0
263	65	0
264	65	0
265	65	0
266	65	0
267	65	0
268	65	0
269	65	0
270	65	0
271	65	0
272	65	0
273	65	0
274	65	0
275	65	0
276	65	0
277	65	0
278	65	0
279	65	0
280	65	0
281	65	0
282	65	0
283	65	0
284	65	0
285	65	0
286	65	0
287	65	0
288	65	0
289	65	0
290	65	0
291	65	0
292	65	0
293	65	0
294	65	0
295	65	0
296	65	0
297	65	0
298	65	0
299	65	0
300	65	0
301	196	0
302	193	0
303	194	0
304	193	0
305	193	0
306	193	0
307	193	0
308	193	0
309	193	0
310	193	0
311	194	0
312	193	0
313	193	0
314	193	0
315	193	0
316	193	0
317	193	0
318	193	0
319	193	0
320	193	0
321	193	0
322	193	0
323	193	0
324	193	0
325	193	0
326	193	0
327	193	0
328	193	0
329	193	0
330	194	0
331	194	0
332	193	0
333	193	0
334	193	0
335	193	0
336	193	0
337	193	0
338	193	0
339	193	0
340	193	0
341	63	0
342	65	0
343	65	0
344	65	0
345	65	0
346	65	0
347	65	0
348	65	0
349	65	0
350	65	0
351	64	0
352	65	0
353	65	0
354	65	0
355	65	0
356	65	0
357	65	0
358	65	0
359	65	0
360	65	0
361	65	0
362	64	0
363	65	0
364	65	0
365	65	0
366	65	0
367	65	0
368	65	0
369	65	0
370	65	0
371	65	0
372	65	0
373	65	0
374	65	0
375	65	0
376	65	0
377	65	0
378	65	0
379	65	0
380	65	0
381	65	0
382	64	0
383	65	0
384	65	0
385	65	0
386	65	0
387	64	0
388	65	0
389	65	0
390	65	0
391	65	0
392	65	0
393	65	0
394	65	0
395	65	0
396	65	0
397	65	0
398	65	0
399	65	0
400	65	0
401	65	0
402	65	0
403	65	0
404	65	0
405	65	0
406	65	0
407	65	0
408	65	0
409	65	0
410	65	0
411	65	0
412	65	0
413	65	0
414	65	0
415	65	0
416	65	0
417	65	0
418	65	0
419	65	0
420	65	0
421	65	0
422	65	0
423	65	0
424	65	0
425	65	0
426	65	0
427	65	0
428	65	0
429	65	0
430	65	0
431	65	0
432	65	0
433	65	0
434	65	0
435	65	0
436	65	0
437	65	0
438	65	0
439	65	0
440	65	0
441	65	0
442	65	0
443	65	0
444	65	0
445	65	0
446	65	0
447	65	0
448	65	0
449	65	0
450	65	0
451	65	0
452	65	0
453	65	0
454	65	0
455	65	0
456	65	0
457	65	0
458	65	0
459	65	0
460	65	0
461	65	0
462	65	0
463	65	0
464	65	0
465	65	0
466	65	0
467	65	0
468	65	0
469	65	0
470	65	0
471	65	0
472	65	0
473	65	0
474	65	0
475	65	0
476	65	0
477	65	0
478	65	0
479	65	0
480	65	0
481	65	0
482	65	0
483	65	0
484	65	0
485	65	0
486	65	0
487	65	0
488	65	0
489	65	0
490	65	0
491	65	0
492	65	0
493	65	0
494	65	0
495	65	0
496	65	0
497	65	0
498	65	0
499	65	0
500	65	0
501	196	0
502	193	0
503	193	0
504	194	0
505	193	0
506	193	0
507	194	0
508	193	0
509	194	0
510	193	0
511	193	0
512	193	0
513	194	0
514	193	0
515	193	0
516	193	0
517	193	0
518	193	0
519	193	0
520	193	0
521	193	0
522	193	0
523	193	0
524	193	0
525	193	0
526	193	0
527	193	0
528	193	0
529	193	0
530	193	0
531	193	0
532	193	0
533	194	0
534	194	0
535	193	0
536	193	0
537	193	0
538	193	0
539	193	0
540	193	0
541	63	0
542	65	0
543	65	0
544	65	0
545	65	0
546	65	0
547	65	0
548	65	0
549	65	0
550	65	0
551	65	0
552	65	0
553	65	0
554	65	0
555	65	0
556	65	0
557	65	0
558	65	0
559	65	0
560	65	0
561	65	0
562	65	0
563	65	0
564	65	0
565	65	0
566	65	0
567	65	0
568	65	0
569	65	0
570	65	0
571	65	0
572	65	0
573	65	0
574	65	0
575	65	0
576	65	0
577	65	0
578	65	0
579	65	0
580	64	0
581	65	0
582	65	0
583	65	0
584	65	0
585	65	0
586	65	0
587	65	0
588	65	0
589	65	0
590	65	0
591	65	0
592	65	0
593	65	0
594	65	0
595	65	0
596	65	0
597	65	0
598	65	0
599	65	0
600	65	0
601	65	0
602	65	0
603	65	0
604	65	0
605	65	0
606	65	0
607	65	0
608	65	0
609	65	0
610	64	0
611	65	0
612	65	0
613	65	0
614	65	0
615	65	0
616	65	0
617	65	0
618	65	0
619	65	0
620	65	0
621	65	0
622	65	0
623	65	0
624	65	0
625	65	0
626	65	0
627	65	0
628	65	0
629	65	0
630	65	0
631	65	0
632	65	0
633	65	0
634	65	0
635	65	0
636	65	0
637	65	0
638	65	0
639	65	0
640	65	0
641	65	0
642	65	0
643	65	0
644	65	0
645	65	0
646	65	0
647	65	0
648	65	0
649	65	0
650	65	0
651	65	0
652	65	0
653	65	0
654	65	0
655	65	0
656	65	0
657	65	0
658	65	0
659	65	0
660	65	0
661	65	0
662	65	0
663	65	0
664	65	0
665	65	0
666	65	0
667	65	0
668	65	0
669	65	0
670	65	0
671	65	0
672	65	0
673	65	0
674	65	0
675	65	0
676	65	0
677	65	0
678	65	0
679	65	0
680	65	0
681	65	0
682	65	0
683	65	0
684	65	0
685	65	0
686	65	0
687	65	0
688	65	0
689	65	0
690	65	0
691	65	0
692	65	0
693	65	0
694	65	0
695	65	0
696	65	0
697	65	0
698	65	0
699	65	0
700	65	0
701	196	0
702	194	0
703	193	0
704	194	0
705	193	0
706	194	0
707	193	0
708	195	0
709	193	0
710	194	0
711	193	0
712	193	0
713	193	0
714	193	0
715	193	0
716	193	0
717	193	0
718	193	0
719	193	0
720	193	0
721	193	0
722	193	0
723	193	0
724	193	0
725	193	0
726	193	0
727	193	0
728	193	0
729	193	0
730	193	0
731	193	0
732	193	0
733	193	0
734	193	0
735	194	0
736	193	0
737	193	0
738	193	0
739	193	0
740	194	0
741	63	0
742	65	0
743	65	0
744	65	0
745	65	0
746	65	0
747	65	0
748	65	0
749	65	0
750	65	0
751	65	0
752	65	0
753	65	0
754	65	0
755	65	0
756	65	0
757	65	0
758	65	0
759	65	0
760	65	0
761	65	0
762	65	0
763	65	0
764	65	0
765	65	0
766	65	0
767	65	0
768	65	0
769	65	0
770	65	0
771	65	0
772	65	0
773	65	0
774	65	0
775	65	0
776	65	0
777	65	0
778	65	0
779	65	0
780	65	0
781	65	0
782	65	0
783	65	0
784	65	0
785	65	0
786	65	0
787	65	0
788	65	0
789	65	0
790	65	0
791	65	0
792	65	0
793	65	0
794	65	0
795	65	0
796	65	0
797	65	0
798	65	0
799	65	0
800	65	0
801	65	0
802	65	0
803	65	0
804	65	0
805	65	0
806	65	0
807	65	0
808	65	0
809	65	0
810	65	0
811	65	0
812	65	0
813	65	0
814	65	0
815	65	0
816	65	0
817	65	0
818	65	0
819	65	0
820	65	0
821	65	0
822	65	0
823	65	0
824	65	0
825	65	0
826	65	0
827	65	0
828	65	0
829	65	0
830	65	0
831	65	0
832	65	0
833	65	0
834	65	0
835	65	0
836	65	0
837	65	0
838	65	0
839	65	0
840	65	0
841	65	0
842	65	0
843	65	0
844	65	0
845	65	0
846	65	0
847	65	0
848	65	0
849	65	0
850	65	0
851	65	0
852	65	0
853	65	0
854	65	0
855	65	0
856	65	0
857	65	0
858	65	0
859	65	0
860	65	0
861	65	0
862	65	0
863	65	0
864	65	0
865	65	0
866	65	0
867	65	0
868	65	0
869	65	0
870	65	0
871	65	0
872	65	0
873	65	0
874	65	0
875	65	0
876	65	0
877	65	0
878	65	0
879	65	0
880	65	0
881	65	0
882	65	0
883	65	0
884	65	0
885	65	0
886	65	0
887	65	0
888	66	0
889	65	0
890	65	0
891	65	0
892	65	0
893	65	0
894	65	0
895	65	0
896	65	0
897	65	0
898	65	0
899	65	0
900	66	0
901	196	0
902	194	0
903	195	0
904	193	0
905	193	0
906	193	0
907	194	0
908	193	0
909	194	0
910	193	0
911	193	0
912	194	0
913	193	0
914	193	0
915	193	0
916	193	0
917	193	0
918	193	0
919	193	0
920	193	0
921	193	0
922	193	0
923	193	0
924	193	0
925	193	0
926	193	0
927	193	0
928	193	0
929	193	0
930	193	0
931	193	0
932	193	0
933	193	0
934	193	0
935	193	0
936	194	0
937	193	0
938	194	0
939	194	0
940	193	0
941	63	0
942	65	0
943	65	0
944	65	0
945	65	0
946	65	0
947	65	0
948	65	0
949	65	0
950	64	0
951	65	0
952	65	0
953	65	0
954	65	0
955	65	0
956	65	0
957	65	0
958	65	0
959	65	0
960	65	0
961	65	0
962	65	0
963	65	0
964	65	0
965	65	0
966	65	0
967	65	0
968	65	0
969	65	0
970	65	0
971	65	0
972	65	0
973	65	0
974	65	0
975	65	0
976	65	0
977	65	0
978	65	0
979	65	0
980	65	0
981	65	0
982	65	0
983	65	0
984	65	0
985	65	0
986	65	0
987	65	0
988	65	0
989	65	0
990	65	0
991	65	0
992	65	0
993	65	0
994	65	0
995	65	0
996	65	0
997	65	0
998	65	0
999	65	0
