Oscilloscope data. 
Time step = 1,000 uS
Voltage step = 31,25 mV
Zero level = 91

N 	Smpl.	Trig

0	56	0
1	131	0
2	152	0
3	88	0
4	29	0
5	55	0
6	131	0
7	152	0
8	88	0
9	29	0
10	56	0
11	131	0
12	151	0
13	88	0
14	29	0
15	56	0
16	131	0
17	151	0
18	88	0
19	29	0
20	56	0
21	131	0
22	151	0
23	88	0
24	29	0
25	56	0
26	131	0
27	151	0
28	88	0
29	29	0
30	56	0
31	131	0
32	152	0
33	88	0
34	29	0
35	56	0
36	131	0
37	151	0
38	88	0
39	29	0
40	56	0
41	131	0
42	151	0
43	88	0
44	29	0
45	56	0
46	131	0
47	151	0
48	88	0
49	29	0
50	56	0
51	131	0
52	151	0
53	89	0
54	29	0
55	56	0
56	131	0
57	151	0
58	88	0
59	29	0
60	56	0
61	131	0
62	151	0
63	88	0
64	29	0
65	56	0
66	131	0
67	151	0
68	89	0
69	29	0
70	56	0
71	131	0
72	151	0
73	88	0
74	29	0
75	56	0
76	131	0
77	151	0
78	88	0
79	29	0
80	56	0
81	131	0
82	151	0
83	88	0
84	29	0
85	56	0
86	131	0
87	151	0
88	88	0
89	29	0
90	56	0
91	131	0
92	151	0
93	88	0
94	29	0
95	56	0
96	131	0
97	151	0
98	88	0
99	29	0
100	56	0
101	131	0
102	151	0
103	88	0
104	29	0
105	56	0
106	131	0
107	151	0
108	87	0
109	29	0
110	57	0
111	132	0
112	151	0
113	87	0
114	29	0
115	57	0
116	132	0
117	150	0
118	85	0
119	28	0
120	59	0
121	135	0
122	149	0
123	84	0
124	27	0
125	61	0
126	135	0
127	148	0
128	80	0
129	27	0
130	63	0
131	137	0
132	147	0
133	77	0
134	27	0
135	67	0
136	140	0
137	144	0
138	73	0
139	27	0
140	71	0
141	143	0
142	143	0
143	70	0
144	27	0
145	75	0
146	145	0
147	139	0
148	65	0
149	27	0
150	80	0
151	148	0
152	135	0
153	59	0
154	29	0
155	86	0
156	151	0
157	131	0
158	55	0
159	30	0
160	92	0
161	153	0
162	126	0
163	50	0
164	32	0
165	99	0
166	155	0
167	120	0
168	46	0
169	36	0
170	106	0
171	155	0
172	113	0
173	40	0
174	40	0
175	113	0
176	155	0
177	105	0
178	35	0
179	46	0
180	121	0
181	154	0
182	96	0
183	32	0
184	52	0
185	128	0
186	151	0
187	87	0
188	29	0
189	60	0
190	136	0
191	147	0
192	77	0
193	27	0
194	69	0
195	143	0
196	142	0
197	68	0
198	27	0
199	79	0
200	148	0
201	135	0
202	58	0
203	29	0
204	91	0
205	152	0
206	125	0
207	49	0
208	33	0
209	103	0
210	155	0
211	115	0
212	41	0
213	40	0
214	113	0
215	155	0
216	103	0
217	33	0
218	48	0
219	125	0
220	153	0
221	89	0
222	29	0
223	59	0
224	135	0
225	148	0
226	76	0
227	27	0
228	71	0
229	145	0
230	139	0
231	63	0
232	28	0
233	85	0
234	151	0
235	128	0
236	51	0
237	32	0
238	100	0
239	155	0
240	115	0
241	40	0
242	40	0
243	115	0
244	155	0
245	99	0
246	32	0
247	51	0
248	129	0
249	151	0
250	83	0
251	27	0
252	66	0
253	141	0
254	143	0
255	67	0
256	27	0
257	82	0
258	151	0
259	131	0
260	51	0
261	32	0
262	99	0
263	155	0
264	115	0
265	40	0
266	41	0
267	117	0
268	155	0
269	97	0
270	31	0
271	55	0
272	132	0
273	148	0
274	78	0
275	27	0
276	72	0
277	145	0
278	137	0
279	59	0
280	29	0
281	91	0
282	153	0
283	121	0
284	45	0
285	38	0
286	111	0
287	155	0
288	103	0
289	33	0
290	51	0
291	129	0
292	150	0
293	81	0
294	27	0
295	69	0
296	144	0
297	139	0
298	61	0
299	29	0
300	91	0
301	153	0
302	121	0
303	43	0
304	39	0
305	113	0
306	155	0
307	99	0
308	31	0
309	55	0
310	133	0
311	148	0
312	77	0
313	27	0
314	75	0
315	147	0
316	133	0
317	55	0
318	31	0
319	99	0
320	155	0
321	113	0
322	39	0
323	44	0
324	122	0
325	153	0
326	89	0
327	28	0
328	64	0
329	142	0
330	141	0
331	64	0
332	28	0
333	89	0
334	152	0
335	121	0
336	43	0
337	39	0
338	114	0
339	156	0
340	97	0
341	31	0
342	57	0
343	136	0
344	145	0
345	71	0
346	27	0
347	83	0
348	151	0
349	127	0
350	47	0
351	36	0
352	110	0
353	155	0
354	101	0
355	31	0
356	55	0
357	135	0
358	147	0
359	72	0
360	27	0
361	81	0
362	151	0
363	128	0
364	47	0
365	36	0
366	110	0
367	155	0
368	100	0
369	31	0
370	56	0
371	135	0
372	145	0
373	70	0
374	27	0
375	84	0
376	151	0
377	124	0
378	44	0
379	39	0
380	115	0
381	155	0
382	95	0
383	29	0
384	61	0
385	140	0
386	142	0
387	64	0
388	28	0
389	91	0
390	153	0
391	117	0
392	40	0
393	43	0
394	122	0
395	153	0
396	85	0
397	27	0
398	70	0
399	147	0
400	135	0
401	55	0
402	31	0
403	103	0
404	155	0
405	105	0
406	33	0
407	53	0
408	133	0
409	147	0
410	72	0
411	27	0
412	84	0
413	152	0
414	123	0
415	43	0
416	40	0
417	119	0
418	153	0
419	89	0
420	28	0
421	67	0
422	145	0
423	136	0
424	56	0
425	31	0
426	103	0
427	155	0
428	105	0
429	32	0
430	55	0
431	135	0
432	145	0
433	69	0
434	28	0
435	89	0
436	153	0
437	118	0
438	39	0
439	44	0
440	124	0
441	151	0
442	81	0
443	27	0
444	77	0
445	149	0
446	128	0
447	47	0
448	37	0
449	114	0
450	155	0
451	92	0
452	28	0
453	66	0
454	144	0
455	136	0
456	55	0
457	32	0
458	105	0
459	155	0
460	101	0
461	31	0
462	59	0
463	139	0
464	143	0
465	62	0
466	30	0
467	97	0
468	155	0
469	108	0
470	33	0
471	52	0
472	134	0
473	146	0
474	68	0
475	28	0
476	91	0
477	155	0
478	113	0
479	37	0
480	49	0
481	130	0
482	148	0
483	73	0
484	27	0
485	87	0
486	153	0
487	117	0
488	39	0
489	46	0
490	127	0
491	149	0
492	75	0
493	27	0
494	85	0
495	153	0
496	119	0
497	39	0
498	45	0
499	127	0
500	150	0
501	76	0
502	27	0
503	83	0
504	153	0
505	120	0
506	40	0
507	44	0
508	127	0
509	149	0
510	75	0
511	27	0
512	85	0
513	153	0
514	119	0
515	39	0
516	47	0
517	128	0
518	149	0
519	73	0
520	27	0
521	88	0
522	154	0
523	115	0
524	36	0
525	49	0
526	131	0
527	147	0
528	69	0
529	27	0
530	92	0
531	155	0
532	110	0
533	34	0
534	54	0
535	136	0
536	144	0
537	63	0
538	29	0
539	99	0
540	155	0
541	103	0
542	31	0
543	60	0
544	141	0
545	139	0
546	56	0
547	32	0
548	107	0
549	155	0
550	95	0
551	28	0
552	68	0
553	147	0
554	131	0
555	49	0
556	37	0
557	117	0
558	153	0
559	85	0
560	27	0
561	79	0
562	151	0
563	121	0
564	41	0
565	44	0
566	128	0
567	148	0
568	72	0
569	28	0
570	91	0
571	155	0
572	110	0
573	34	0
574	55	0
575	138	0
576	141	0
577	59	0
578	31	0
579	105	0
580	155	0
581	96	0
582	29	0
583	69	0
584	147	0
585	130	0
586	47	0
587	40	0
588	121	0
589	151	0
590	79	0
591	27	0
592	85	0
593	154	0
594	115	0
595	35	0
596	52	0
597	135	0
598	143	0
599	61	0
600	31	0
601	104	0
602	155	0
603	95	0
604	29	0
605	70	0
606	147	0
607	128	0
608	45	0
609	41	0
610	123	0
611	150	0
612	75	0
613	27	0
614	91	0
615	155	0
616	108	0
617	32	0
618	58	0
619	141	0
620	137	0
621	53	0
622	35	0
623	113	0
624	153	0
625	85	0
626	27	0
627	81	0
628	152	0
629	117	0
630	37	0
631	51	0
632	135	0
633	144	0
634	60	0
635	31	0
636	107	0
637	155	0
638	91	0
639	28	0
640	75	0
641	151	0
642	123	0
643	40	0
644	47	0
645	131	0
646	145	0
647	64	0
648	30	0
649	103	0
650	155	0
651	96	0
652	28	0
653	72	0
654	149	0
655	124	0
656	41	0
657	46	0
658	131	0
659	146	0
660	65	0
661	29	0
662	103	0
663	155	0
664	95	0
665	27	0
666	73	0
667	151	0
668	123	0
669	40	0
670	47	0
671	132	0
672	144	0
673	62	0
674	31	0
675	107	0
676	155	0
677	90	0
678	27	0
679	79	0
680	152	0
681	119	0
682	36	0
683	52	0
684	136	0
685	140	0
686	56	0
687	34	0
688	113	0
689	153	0
690	83	0
691	27	0
692	87	0
693	155	0
694	109	0
695	32	0
696	60	0
697	143	0
698	133	0
699	47	0
700	40	0
701	124	0
702	149	0
703	71	0
704	28	0
705	98	0
706	155	0
707	96	0
708	28	0
709	73	0
710	151	0
711	121	0
712	39	0
713	49	0
714	135	0
715	141	0
716	56	0
717	35	0
718	114	0
719	153	0
720	80	0
721	27	0
722	90	0
723	155	0
724	105	0
725	29	0
726	65	0
727	147	0
728	127	0
729	42	0
730	46	0
731	132	0
732	144	0
733	61	0
734	32	0
735	111	0
736	154	0
737	83	0
738	27	0
739	88	0
740	155	0
741	106	0
742	30	0
743	65	0
744	147	0
745	127	0
746	41	0
747	46	0
748	132	0
749	144	0
750	59	0
751	33	0
752	113	0
753	153	0
754	80	0
755	27	0
756	92	0
757	155	0
758	102	0
759	29	0
760	69	0
761	150	0
762	122	0
763	39	0
764	52	0
765	139	0
766	139	0
767	52	0
768	37	0
769	121	0
770	150	0
771	71	0
772	29	0
773	102	0
774	155	0
775	91	0
776	27	0
777	82	0
778	154	0
779	110	0
780	31	0
781	63	0
782	147	0
783	128	0
784	42	0
785	47	0
786	134	0
787	141	0
788	56	0
789	35	0
790	118	0
791	151	0
792	73	0
793	28	0
794	100	0
795	155	0
796	91	0
797	27	0
798	82	0
799	154	0
800	109	0
801	31	0
802	64	0
803	148	0
804	125	0
805	40	0
806	51	0
807	137	0
808	139	0
809	51	0
810	39	0
811	123	0
812	148	0
813	66	0
814	31	0
815	108	0
816	155	0
817	83	0
818	27	0
819	92	0
820	155	0
821	99	0
822	27	0
823	75	0
824	152	0
825	114	0
826	33	0
827	61	0
828	145	0
829	128	0
830	41	0
831	48	0
832	136	0
833	139	0
834	51	0
835	39	0
836	124	0
837	148	0
838	64	0
839	31	0
840	111	0
841	153	0
842	79	0
843	27	0
844	97	0
845	156	0
846	92	0
847	27	0
848	83	0
849	155	0
850	107	0
851	30	0
852	70	0
853	151	0
854	119	0
855	34	0
856	59	0
857	144	0
858	129	0
859	42	0
860	48	0
861	136	0
862	139	0
863	51	0
864	40	0
865	127	0
866	147	0
867	61	0
868	33	0
869	115	0
870	151	0
871	71	0
872	29	0
873	104	0
874	155	0
875	84	0
876	27	0
877	94	0
878	155	0
879	94	0
880	27	0
881	83	0
882	155	0
883	104	0
884	28	0
885	72	0
886	151	0
887	115	0
888	32	0
889	63	0
890	148	0
891	123	0
892	38	0
893	55	0
894	142	0
895	132	0
896	43	0
897	47	0
898	135	0
899	139	0
900	50	0
901	41	0
902	129	0
903	144	0
904	57	0
905	36	0
906	121	0
907	148	0
908	64	0
909	32	0
910	113	0
911	152	0
912	72	0
913	29	0
914	107	0
915	155	0
916	79	0
917	28	0
918	99	0
919	155	0
920	87	0
921	27	0
922	91	0
923	155	0
924	94	0
925	27	0
926	84	0
927	155	0
928	100	0
929	28	0
930	79	0
931	154	0
932	107	0
933	29	0
934	72	0
935	152	0
936	112	0
937	31	0
938	67	0
939	150	0
940	119	0
941	33	0
942	62	0
943	147	0
944	123	0
945	37	0
946	57	0
947	145	0
948	128	0
949	39	0
950	53	0
951	143	0
952	131	0
953	41	0
954	49	0
955	139	0
956	134	0
957	44	0
958	47	0
959	137	0
960	137	0
961	47	0
962	44	0
963	133	0
964	139	0
965	49	0
966	42	0
967	131	0
968	142	0
969	52	0
970	40	0
971	129	0
972	144	0
973	55	0
974	39	0
975	127	0
976	144	0
977	56	0
978	38	0
979	125	0
980	145	0
981	58	0
982	36	0
983	123	0
984	147	0
985	59	0
986	35	0
987	122	0
988	147	0
989	61	0
990	35	0
991	121	0
992	148	0
993	61	0
994	35	0
995	121	0
996	148	0
997	62	0
998	35	0
999	120	0
