Oscilloscope data. 
Time step = 10,00 uS
Voltage step = 31,25 mV
Zero level = 91

N 	Smpl.	Trig

0	139	0
1	67	0
2	24	0
3	71	0
4	141	0
5	139	0
6	66	0
7	25	0
8	71	0
9	142	0
10	139	0
11	67	0
12	24	0
13	72	0
14	142	0
15	139	0
16	66	0
17	24	0
18	71	0
19	141	0
20	139	0
21	67	0
22	25	0
23	71	0
24	142	0
25	139	0
26	65	0
27	25	0
28	71	0
29	141	0
30	139	0
31	65	0
32	25	0
33	72	0
34	142	0
35	139	0
36	67	0
37	25	0
38	72	0
39	141	0
40	139	0
41	66	0
42	24	0
43	71	0
44	142	0
45	139	0
46	66	0
47	24	0
48	71	0
49	141	0
50	139	0
51	66	0
52	25	0
53	71	0
54	142	0
55	139	0
56	66	0
57	25	0
58	72	0
59	142	0
60	139	0
61	66	0
62	23	0
63	71	0
64	141	0
65	139	0
66	66	0
67	24	0
68	71	0
69	142	0
70	139	0
71	66	0
72	24	0
73	71	0
74	142	0
75	139	0
76	66	0
77	25	0
78	71	0
79	141	0
80	139	0
81	66	0
82	25	0
83	71	0
84	142	0
85	139	0
86	67	0
87	25	0
88	71	0
89	142	0
90	139	0
91	66	0
92	25	0
93	71	0
94	142	0
95	139	0
96	67	0
97	25	0
98	71	0
99	142	0
100	139	0
101	66	0
102	24	0
103	71	0
104	142	0
105	139	0
106	65	0
107	25	0
108	73	0
109	142	0
110	137	0
111	65	0
112	25	0
113	74	0
114	143	0
115	137	0
116	62	0
117	24	0
118	77	0
119	145	0
120	134	0
121	58	0
122	25	0
123	81	0
124	147	0
125	130	0
126	55	0
127	27	0
128	87	0
129	149	0
130	126	0
131	49	0
132	29	0
133	93	0
134	151	0
135	119	0
136	45	0
137	32	0
138	101	0
139	153	0
140	112	0
141	38	0
142	36	0
143	109	0
144	153	0
145	105	0
146	33	0
147	41	0
148	118	0
149	151	0
150	93	0
151	28	0
152	50	0
153	127	0
154	149	0
155	83	0
156	25	0
157	61	0
158	136	0
159	143	0
160	70	0
161	25	0
162	73	0
163	145	0
164	134	0
165	57	0
166	26	0
167	86	0
168	149	0
169	123	0
170	45	0
171	31	0
172	101	0
173	152	0
174	109	0
175	35	0
176	40	0
177	117	0
178	151	0
179	92	0
180	28	0
181	53	0
182	131	0
183	145	0
184	75	0
185	25	0
186	70	0
187	143	0
188	134	0
189	57	0
190	27	0
191	89	0
192	151	0
193	119	0
194	41	0
195	35	0
196	109	0
197	153	0
198	99	0
199	29	0
200	49	0
201	128	0
202	147	0
203	77	0
204	24	0
205	69	0
206	143	0
207	134	0
208	55	0
209	27	0
210	93	0
211	152	0
212	114	0
213	37	0
214	39	0
215	117	0
216	151	0
217	89	0
218	27	0
219	59	0
220	137	0
221	141	0
222	63	0
223	25	0
224	85	0
225	150	0
226	120	0
227	41	0
228	35	0
229	111	0
230	153	0
231	93	0
232	27	0
233	57	0
234	136	0
235	141	0
236	65	0
237	25	0
238	85	0
239	150	0
240	118	0
241	40	0
242	37	0
243	115	0
244	151	0
245	88	0
246	25	0
247	62	0
248	140	0
249	137	0
250	57	0
251	27	0
252	94	0
253	153	0
254	109	0
255	33	0
256	46	0
257	126	0
258	147	0
259	75	0
260	25	0
261	76	0
262	148	0
263	125	0
264	43	0
265	35	0
266	112	0
267	152	0
268	89	0
269	25	0
270	62	0
271	141	0
272	135	0
273	54	0
274	29	0
275	101	0
276	153	0
277	101	0
278	29	0
279	53	0
280	134	0
281	142	0
282	63	0
283	26	0
284	91	0
285	151	0
286	109	0
287	33	0
288	47	0
289	129	0
290	145	0
291	69	0
292	25	0
293	86	0
294	151	0
295	113	0
296	35	0
297	45	0
298	126	0
299	146	0
300	71	0
301	25	0
302	85	0
303	151	0
304	114	0
305	35	0
306	45	0
307	126	0
308	146	0
309	70	0
310	25	0
311	86	0
312	151	0
313	111	0
314	33	0
315	48	0
316	129	0
317	143	0
318	65	0
319	25	0
320	91	0
321	153	0
322	105	0
323	31	0
324	53	0
325	135	0
326	139	0
327	57	0
328	29	0
329	101	0
330	153	0
331	94	0
332	27	0
333	62	0
334	143	0
335	131	0
336	49	0
337	33	0
338	113	0
339	151	0
340	82	0
341	25	0
342	77	0
343	149	0
344	118	0
345	37	0
346	44	0
347	127	0
348	144	0
349	65	0
350	26	0
351	94	0
352	153	0
353	101	0
354	28	0
355	60	0
356	141	0
357	131	0
358	48	0
359	35	0
360	115	0
361	150	0
362	79	0
363	25	0
364	82	0
365	151	0
366	111	0
367	32	0
368	51	0
369	135	0
370	137	0
371	54	0
372	30	0
373	108	0
374	151	0
375	85	0
376	25	0
377	78	0
378	150	0
379	114	0
380	33	0
381	49	0
382	134	0
383	139	0
384	54	0
385	30	0
386	109	0
387	151	0
388	82	0
389	25	0
390	80	0
391	151	0
392	110	0
393	31	0
394	53	0
395	139	0
396	134	0
397	49	0
398	35	0
399	117	0
400	149	0
401	73	0
402	25	0
403	91	0
404	153	0
405	98	0
406	27	0
407	65	0
408	146	0
409	123	0
410	39	0
411	44	0
412	130	0
413	141	0
414	57	0
415	29	0
416	109	0
417	151	0
418	80	0
419	24	0
420	85	0
421	152	0
422	103	0
423	28	0
424	63	0
425	144	0
426	125	0
427	38	0
428	44	0
429	131	0
430	141	0
431	55	0
432	31	0
433	113	0
434	150	0
435	75	0
436	25	0
437	92	0
438	153	0
439	95	0
440	25	0
441	71	0
442	149	0
443	114	0
444	31	0
445	55	0
446	141	0
447	130	0
448	43	0
449	41	0
450	127	0
451	142	0
452	57	0
453	30	0
454	111	0
455	150	0
456	73	0
457	25	0
458	95	0
459	153	0
460	89	0
461	25	0
462	79	0
463	151	0
464	105	0
465	28	0
466	63	0
467	146	0
468	120	0
469	35	0
470	51	0
471	138	0
472	132	0
473	43	0
474	40	0
475	128	0
476	141	0
477	55	0
478	33	0
479	117	0
480	147	0
481	66	0
482	28	0
483	105	0
484	151	0
485	78	0
486	25	0
487	93	0
488	153	0
489	89	0
490	24	0
491	82	0
492	152	0
493	101	0
494	26	0
495	71	0
496	150	0
497	109	0
498	29	0
499	62	0
500	146	0
501	118	0
502	33	0
503	54	0
504	142	0
505	126	0
506	37	0
507	47	0
508	137	0
509	132	0
510	43	0
511	42	0
512	131	0
513	137	0
514	48	0
515	38	0
516	126	0
517	141	0
518	53	0
519	35	0
520	121	0
521	144	0
522	58	0
523	31	0
524	117	0
525	147	0
526	62	0
527	29	0
528	113	0
529	149	0
530	66	0
531	28	0
532	109	0
533	150	0
534	70	0
535	27	0
536	106	0
537	150	0
538	71	0
539	27	0
540	104	0
541	151	0
542	75	0
543	26	0
544	102	0
545	151	0
546	75	0
547	25	0
548	101	0
549	151	0
550	77	0
551	25	0
552	101	0
553	152	0
554	76	0
555	25	0
556	101	0
557	152	0
558	75	0
559	25	0
560	102	0
561	151	0
562	74	0
563	25	0
564	103	0
565	151	0
566	71	0
567	27	0
568	106	0
569	150	0
570	69	0
571	29	0
572	109	0
573	149	0
574	65	0
575	29	0
576	113	0
577	147	0
578	61	0
579	31	0
580	118	0
581	145	0
582	57	0
583	34	0
584	123	0
585	142	0
586	51	0
587	37	0
588	127	0
589	139	0
590	47	0
591	41	0
592	133	0
593	133	0
594	41	0
595	46	0
596	137	0
597	127	0
598	37	0
599	53	0
600	143	0
601	120	0
602	31	0
603	61	0
604	147	0
605	111	0
606	28	0
607	70	0
608	151	0
609	103	0
610	25	0
611	79	0
612	153	0
613	91	0
614	25	0
615	91	0
616	153	0
617	81	0
618	25	0
619	102	0
620	151	0
621	70	0
622	29	0
623	114	0
624	146	0
625	57	0
626	35	0
627	125	0
628	139	0
629	47	0
630	43	0
631	136	0
632	129	0
633	37	0
634	53	0
635	145	0
636	117	0
637	29	0
638	67	0
639	150	0
640	102	0
641	25	0
642	83	0
643	153	0
644	86	0
645	25	0
646	99	0
647	151	0
648	70	0
649	29	0
650	115	0
651	145	0
652	54	0
653	38	0
654	130	0
655	134	0
656	39	0
657	50	0
658	142	0
659	118	0
660	29	0
661	67	0
662	151	0
663	101	0
664	24	0
665	87	0
666	153	0
667	79	0
668	26	0
669	107	0
670	149	0
671	60	0
672	33	0
673	126	0
674	137	0
675	42	0
676	49	0
677	142	0
678	119	0
679	30	0
680	67	0
681	151	0
682	97	0
683	25	0
684	91	0
685	152	0
686	74	0
687	27	0
688	114	0
689	145	0
690	51	0
691	39	0
692	134	0
693	129	0
694	35	0
695	59	0
696	149	0
697	105	0
698	25	0
699	84	0
700	153	0
701	80	0
702	26	0
703	110	0
704	147	0
705	55	0
706	37	0
707	133	0
708	129	0
709	35	0
710	60	0
711	149	0
712	104	0
713	25	0
714	87	0
715	152	0
716	75	0
717	27	0
718	115	0
719	143	0
720	48	0
721	44	0
722	139	0
723	121	0
724	29	0
725	70	0
726	151	0
727	91	0
728	24	0
729	101	0
730	149	0
731	61	0
732	35	0
733	129	0
734	133	0
735	37	0
736	58	0
737	149	0
738	103	0
739	25	0
740	90	0
741	152	0
742	70	0
743	30	0
744	122	0
745	138	0
746	41	0
747	52	0
748	145	0
749	109	0
750	25	0
751	85	0
752	152	0
753	73	0
754	29	0
755	119	0
756	139	0
757	43	0
758	51	0
759	145	0
760	110	0
761	25	0
762	85	0
763	152	0
764	73	0
765	29	0
766	121	0
767	138	0
768	41	0
769	53	0
770	147	0
771	105	0
772	25	0
773	90	0
774	151	0
775	67	0
776	33	0
777	128	0
778	133	0
779	35	0
780	61	0
781	150	0
782	95	0
783	25	0
784	102	0
785	149	0
786	55	0
787	39	0
788	137	0
789	121	0
790	29	0
791	75	0
792	153	0
793	81	0
794	27	0
795	117	0
796	140	0
797	42	0
798	53	0
799	147	0
800	104	0
801	25	0
802	95	0
803	151	0
804	60	0
805	37	0
806	135	0
807	124	0
808	30	0
809	74	0
810	153	0
811	80	0
812	26	0
813	119	0
814	139	0
815	40	0
816	57	0
817	149	0
818	97	0
819	24	0
820	102	0
821	148	0
822	52	0
823	43	0
824	141	0
825	113	0
826	25	0
827	87	0
828	151	0
829	65	0
830	34	0
831	133	0
832	126	0
833	29	0
834	74	0
835	153	0
836	78	0
837	29	0
838	123	0
839	135	0
840	35	0
841	62	0
842	151	0
843	88	0
844	25	0
845	114	0
846	141	0
847	41	0
848	56	0
849	149	0
850	97	0
851	24	0
852	107	0
853	145	0
854	47	0
855	49	0
856	147	0
857	102	0
858	24	0
859	101	0
860	147	0
861	50	0
862	46	0
863	145	0
864	105	0
865	24	0
866	98	0
867	149	0
868	53	0
869	45	0
870	143	0
871	107	0
872	24	0
873	97	0
874	149	0
875	53	0
876	45	0
877	143	0
878	107	0
879	24	0
880	97	0
881	148	0
882	51	0
883	46	0
884	145	0
885	105	0
886	24	0
887	102	0
888	147	0
889	49	0
890	49	0
891	147	0
892	100	0
893	25	0
894	107	0
895	144	0
896	45	0
897	54	0
898	149	0
899	93	0
900	25	0
901	114	0
902	139	0
903	38	0
904	62	0
905	151	0
906	83	0
907	28	0
908	123	0
909	133	0
910	32	0
911	73	0
912	152	0
913	73	0
914	32	0
915	133	0
916	122	0
917	27	0
918	85	0
919	151	0
920	61	0
921	40	0
922	141	0
923	109	0
924	24	0
925	100	0
926	146	0
927	47	0
928	52	0
929	149	0
930	93	0
931	25	0
932	117	0
933	137	0
934	35	0
935	69	0
936	153	0
937	74	0
938	32	0
939	133	0
940	121	0
941	26	0
942	89	0
943	150	0
944	55	0
945	45	0
946	146	0
947	101	0
948	24	0
949	111	0
950	140	0
951	37	0
952	65	0
953	153	0
954	77	0
955	31	0
956	133	0
957	121	0
958	26	0
959	91	0
960	150	0
961	52	0
962	48	0
963	148	0
964	95	0
965	25	0
966	117	0
967	135	0
968	33	0
969	74	0
970	153	0
971	66	0
972	37	0
973	141	0
974	110	0
975	25	0
976	105	0
977	143	0
978	41	0
979	62	0
980	152	0
981	77	0
982	31	0
983	133	0
984	119	0
985	25	0
986	95	0
987	147	0
988	46	0
989	55	0
990	151	0
991	84	0
992	29	0
993	129	0
994	124	0
995	26	0
996	91	0
997	149	0
998	49	0
999	53	0
