Oscilloscope data. 
Time step = 10,00 uS
Voltage step = 31,25 mV
Zero level = 91

N 	Smpl.	Trig

0	29	0
1	85	0
2	150	0
3	54	0
4	48	0
5	149	0
6	92	0
7	27	0
8	123	0
9	129	0
10	29	0
11	85	0
12	151	0
13	54	0
14	49	0
15	149	0
16	91	0
17	27	0
18	123	0
19	129	0
20	29	0
21	85	0
22	150	0
23	54	0
24	49	0
25	149	0
26	91	0
27	26	0
28	123	0
29	129	0
30	29	0
31	85	0
32	150	0
33	53	0
34	49	0
35	149	0
36	91	0
37	26	0
38	123	0
39	129	0
40	29	0
41	85	0
42	150	0
43	53	0
44	49	0
45	149	0
46	92	0
47	27	0
48	123	0
49	129	0
50	28	0
51	85	0
52	150	0
53	53	0
54	48	0
55	149	0
56	92	0
57	27	0
58	124	0
59	129	0
60	29	0
61	85	0
62	150	0
63	53	0
64	49	0
65	149	0
66	91	0
67	26	0
68	123	0
69	129	0
70	29	0
71	85	0
72	150	0
73	53	0
74	48	0
75	149	0
76	91	0
77	26	0
78	124	0
79	129	0
80	29	0
81	85	0
82	150	0
83	53	0
84	48	0
85	148	0
86	91	0
87	27	0
88	123	0
89	129	0
90	29	0
91	85	0
92	151	0
93	53	0
94	49	0
95	149	0
96	91	0
97	27	0
98	124	0
99	129	0
100	29	0
101	85	0
102	150	0
103	53	0
104	48	0
105	149	0
106	93	0
107	26	0
108	123	0
109	129	0
110	29	0
111	83	0
112	151	0
113	56	0
114	46	0
115	147	0
116	95	0
117	25	0
118	118	0
119	134	0
120	31	0
121	77	0
122	153	0
123	63	0
124	40	0
125	143	0
126	105	0
127	25	0
128	109	0
129	141	0
130	37	0
131	67	0
132	153	0
133	74	0
134	33	0
135	135	0
136	117	0
137	25	0
138	95	0
139	147	0
140	48	0
141	53	0
142	150	0
143	90	0
144	27	0
145	121	0
146	132	0
147	31	0
148	77	0
149	153	0
150	64	0
151	38	0
152	141	0
153	110	0
154	24	0
155	102	0
156	145	0
157	45	0
158	56	0
159	151	0
160	89	0
161	27	0
162	121	0
163	131	0
164	31	0
165	76	0
166	153	0
167	67	0
168	37	0
169	138	0
170	115	0
171	25	0
172	94	0
173	148	0
174	51	0
175	49	0
176	147	0
177	98	0
178	25	0
179	111	0
180	141	0
181	39	0
182	62	0
183	152	0
184	83	0
185	28	0
186	125	0
187	131	0
188	31	0
189	75	0
190	153	0
191	70	0
192	34	0
193	134	0
194	121	0
195	27	0
196	87	0
197	151	0
198	60	0
199	40	0
200	141	0
201	111	0
202	25	0
203	96	0
204	149	0
205	51	0
206	47	0
207	145	0
208	104	0
209	25	0
210	104	0
211	145	0
212	47	0
213	51	0
214	149	0
215	97	0
216	25	0
217	109	0
218	143	0
219	43	0
220	55	0
221	149	0
222	94	0
223	25	0
224	111	0
225	141	0
226	41	0
227	57	0
228	150	0
229	93	0
230	25	0
231	113	0
232	142	0
233	41	0
234	57	0
235	150	0
236	94	0
237	25	0
238	111	0
239	142	0
240	43	0
241	55	0
242	149	0
243	96	0
244	25	0
245	108	0
246	145	0
247	45	0
248	51	0
249	147	0
250	102	0
251	25	0
252	102	0
253	147	0
254	51	0
255	45	0
256	143	0
257	109	0
258	24	0
259	94	0
260	150	0
261	58	0
262	39	0
263	139	0
264	118	0
265	27	0
266	84	0
267	153	0
268	68	0
269	33	0
270	131	0
271	127	0
272	31	0
273	72	0
274	153	0
275	81	0
276	27	0
277	119	0
278	137	0
279	38	0
280	59	0
281	150	0
282	95	0
283	24	0
284	105	0
285	147	0
286	50	0
287	45	0
288	143	0
289	113	0
290	25	0
291	87	0
292	152	0
293	67	0
294	33	0
295	129	0
296	129	0
297	32	0
298	68	0
299	152	0
300	87	0
301	25	0
302	111	0
303	143	0
304	47	0
305	47	0
306	145	0
307	109	0
308	25	0
309	88	0
310	151	0
311	68	0
312	33	0
313	129	0
314	131	0
315	34	0
316	64	0
317	151	0
318	93	0
319	25	0
320	104	0
321	147	0
322	54	0
323	41	0
324	139	0
325	120	0
326	29	0
327	75	0
328	153	0
329	81	0
330	27	0
331	115	0
332	143	0
333	47	0
334	47	0
335	143	0
336	113	0
337	26	0
338	82	0
339	153	0
340	75	0
341	29	0
342	119	0
343	140	0
344	43	0
345	51	0
346	145	0
347	110	0
348	25	0
349	84	0
350	152	0
351	75	0
352	29	0
353	118	0
354	141	0
355	45	0
356	49	0
357	143	0
358	113	0
359	27	0
360	81	0
361	153	0
362	79	0
363	27	0
364	113	0
365	143	0
366	49	0
367	45	0
368	139	0
369	121	0
370	29	0
371	72	0
372	153	0
373	89	0
374	24	0
375	103	0
376	149	0
377	59	0
378	37	0
379	131	0
380	131	0
381	35	0
382	59	0
383	149	0
384	105	0
385	25	0
386	86	0
387	153	0
388	75	0
389	27	0
390	115	0
391	143	0
392	49	0
393	42	0
394	138	0
395	124	0
396	32	0
397	65	0
398	151	0
399	97	0
400	25	0
401	91	0
402	151	0
403	72	0
404	29	0
405	117	0
406	142	0
407	49	0
408	43	0
409	137	0
410	125	0
411	32	0
412	63	0
413	150	0
414	101	0
415	24	0
416	87	0
417	152	0
418	78	0
419	27	0
420	111	0
421	147	0
422	55	0
423	37	0
424	131	0
425	133	0
426	39	0
427	53	0
428	144	0
429	114	0
430	28	0
431	73	0
432	153	0
433	93	0
434	25	0
435	93	0
436	152	0
437	73	0
438	27	0
439	113	0
440	145	0
441	55	0
442	37	0
443	131	0
444	134	0
445	40	0
446	51	0
447	143	0
448	118	0
449	30	0
450	66	0
451	150	0
452	102	0
453	25	0
454	84	0
455	153	0
456	83	0
457	25	0
458	102	0
459	150	0
460	68	0
461	30	0
462	117	0
463	145	0
464	54	0
465	37	0
466	129	0
467	135	0
468	42	0
469	47	0
470	140	0
471	124	0
472	33	0
473	59	0
474	147	0
475	111	0
476	27	0
477	72	0
478	151	0
479	97	0
480	25	0
481	85	0
482	153	0
483	85	0
484	25	0
485	97	0
486	152	0
487	74	0
488	27	0
489	109	0
490	149	0
491	63	0
492	30	0
493	119	0
494	143	0
495	54	0
496	37	0
497	127	0
498	138	0
499	46	0
500	41	0
501	134	0
502	133	0
503	39	0
504	49	0
505	141	0
506	125	0
507	35	0
508	55	0
509	144	0
510	119	0
511	31	0
512	62	0
513	147	0
514	112	0
515	29	0
516	69	0
517	149	0
518	106	0
519	26	0
520	73	0
521	151	0
522	101	0
523	25	0
524	78	0
525	153	0
526	95	0
527	24	0
528	83	0
529	153	0
530	91	0
531	25	0
532	87	0
533	153	0
534	89	0
535	24	0
536	91	0
537	153	0
538	85	0
539	25	0
540	93	0
541	153	0
542	83	0
543	25	0
544	94	0
545	153	0
546	81	0
547	25	0
548	95	0
549	153	0
550	81	0
551	25	0
552	95	0
553	152	0
554	81	0
555	25	0
556	94	0
557	152	0
558	83	0
559	24	0
560	94	0
561	153	0
562	83	0
563	25	0
564	92	0
565	153	0
566	86	0
567	25	0
568	89	0
569	153	0
570	89	0
571	25	0
572	86	0
573	152	0
574	93	0
575	25	0
576	82	0
577	153	0
578	97	0
579	25	0
580	78	0
581	151	0
582	102	0
583	26	0
584	72	0
585	150	0
586	108	0
587	28	0
588	66	0
589	149	0
590	113	0
591	30	0
592	60	0
593	145	0
594	120	0
595	34	0
596	53	0
597	141	0
598	127	0
599	38	0
600	47	0
601	136	0
602	133	0
603	45	0
604	41	0
605	129	0
606	140	0
607	52	0
608	35	0
609	121	0
610	145	0
611	61	0
612	30	0
613	111	0
614	149	0
615	71	0
616	27	0
617	101	0
618	153	0
619	83	0
620	24	0
621	88	0
622	153	0
623	95	0
624	25	0
625	76	0
626	151	0
627	108	0
628	29	0
629	63	0
630	146	0
631	121	0
632	35	0
633	51	0
634	138	0
635	132	0
636	45	0
637	40	0
638	127	0
639	142	0
640	57	0
641	31	0
642	113	0
643	149	0
644	71	0
645	25	0
646	97	0
647	153	0
648	88	0
649	25	0
650	80	0
651	151	0
652	105	0
653	29	0
654	63	0
655	145	0
656	122	0
657	36	0
658	48	0
659	134	0
660	137	0
661	50	0
662	35	0
663	118	0
664	147	0
665	67	0
666	26	0
667	99	0
668	153	0
669	88	0
670	25	0
671	78	0
672	151	0
673	109	0
674	30	0
675	59	0
676	142	0
677	129	0
678	43	0
679	41	0
680	127	0
681	143	0
682	60	0
683	29	0
684	105	0
685	152	0
686	83	0
687	25	0
688	82	0
689	151	0
690	107	0
691	29	0
692	59	0
693	141	0
694	129	0
695	43	0
696	39	0
697	123	0
698	146	0
699	65	0
700	27	0
701	99	0
702	153	0
703	91	0
704	25	0
705	73	0
706	149	0
707	118	0
708	35	0
709	48	0
710	133	0
711	139	0
712	56	0
713	30	0
714	109	0
715	151	0
716	83	0
717	25	0
718	80	0
719	151	0
720	111	0
721	31	0
722	51	0
723	137	0
724	137	0
725	53	0
726	31	0
727	111	0
728	151	0
729	81	0
730	25	0
731	81	0
732	150	0
733	113	0
734	33	0
735	50	0
736	135	0
737	139	0
738	55	0
739	29	0
740	106	0
741	152	0
742	87	0
743	25	0
744	73	0
745	149	0
746	120	0
747	38	0
748	43	0
749	127	0
750	145	0
751	66	0
752	25	0
753	93	0
754	153	0
755	101	0
756	28	0
757	59	0
758	141	0
759	133	0
760	49	0
761	33	0
762	111	0
763	151	0
764	85	0
765	24	0
766	73	0
767	148	0
768	121	0
769	39	0
770	41	0
771	123	0
772	147	0
773	72	0
774	25	0
775	86	0
776	151	0
777	111	0
778	32	0
779	49	0
780	131	0
781	142	0
782	62	0
783	26	0
784	94	0
785	152	0
786	103	0
787	29	0
788	54	0
789	137	0
790	139	0
791	57	0
792	28	0
793	100	0
794	153	0
795	98	0
796	28	0
797	57	0
798	139	0
799	137	0
800	55	0
801	29	0
802	101	0
803	153	0
804	97	0
805	27	0
806	59	0
807	139	0
808	137	0
809	55	0
810	29	0
811	99	0
812	153	0
813	101	0
814	29	0
815	54	0
816	137	0
817	141	0
818	60	0
819	27	0
820	93	0
821	152	0
822	107	0
823	31	0
824	49	0
825	129	0
826	145	0
827	69	0
828	25	0
829	84	0
830	151	0
831	116	0
832	38	0
833	41	0
834	121	0
835	149	0
836	80	0
837	24	0
838	72	0
839	146	0
840	128	0
841	47	0
842	32	0
843	107	0
844	153	0
845	95	0
846	28	0
847	57	0
848	137	0
849	141	0
850	62	0
851	27	0
852	89	0
853	151	0
854	113	0
855	37	0
856	41	0
857	121	0
858	150	0
859	82	0
860	25	0
861	67	0
862	143	0
863	133	0
864	53	0
865	28	0
866	97	0
867	153	0
868	107	0
869	33	0
870	46	0
871	125	0
872	148	0
873	78	0
874	25	0
875	70	0
876	145	0
877	131	0
878	52	0
879	29	0
880	97	0
881	153	0
882	108	0
883	34	0
884	45	0
885	123	0
886	149	0
887	82	0
888	25	0
889	65	0
890	141	0
891	137	0
892	59	0
893	26	0
894	89	0
895	151	0
896	117	0
897	40	0
898	37	0
899	112	0
900	153	0
901	95	0
902	29	0
903	53	0
904	131	0
905	145	0
906	73	0
907	25	0
908	72	0
909	144	0
910	133	0
911	54	0
912	27	0
913	92	0
914	151	0
915	116	0
916	40	0
917	35	0
918	110	0
919	153	0
920	97	0
921	30	0
922	49	0
923	127	0
924	149	0
925	81	0
926	25	0
927	63	0
928	139	0
929	141	0
930	65	0
931	25	0
932	78	0
933	147	0
934	129	0
935	51	0
936	28	0
937	94	0
938	152	0
939	117	0
940	40	0
941	35	0
942	107	0
943	153	0
944	105	0
945	33	0
946	42	0
947	118	0
948	151	0
949	92	0
950	28	0
951	51	0
952	129	0
953	147	0
954	81	0
955	25	0
956	61	0
957	137	0
958	143	0
959	71	0
960	25	0
961	70	0
962	142	0
963	137	0
964	63	0
965	25	0
966	78	0
967	146	0
968	132	0
969	56	0
970	25	0
971	85	0
972	149	0
973	126	0
974	50	0
975	27	0
976	91	0
977	151	0
978	121	0
979	46	0
980	30	0
981	97	0
982	152	0
983	118	0
984	43	0
985	32	0
986	101	0
987	153	0
988	115	0
989	41	0
990	33	0
991	104	0
992	153	0
993	112	0
994	39	0
995	34	0
996	105	0
997	153	0
998	111	0
999	38	0
