Oscilloscope data. 
Time step = 10,00 uS
Voltage step = 31,25 mV
Zero level = 91

N 	Smpl.	Trig

0	59	0
1	118	0
2	59	0
3	117	0
4	59	0
5	117	0
6	59	0
7	118	0
8	59	0
9	118	0
10	59	0
11	118	0
12	59	0
13	118	0
14	59	0
15	117	0
16	59	0
17	118	0
18	59	0
19	118	0
20	59	0
21	117	0
22	59	0
23	118	0
24	59	0
25	118	0
26	59	0
27	118	0
28	59	0
29	118	0
30	59	0
31	118	0
32	59	0
33	118	0
34	59	0
35	118	0
36	59	0
37	118	0
38	59	0
39	118	0
40	59	0
41	118	0
42	59	0
43	118	0
44	59	0
45	117	0
46	59	0
47	118	0
48	59	0
49	117	0
50	59	0
51	118	0
52	59	0
53	118	0
54	59	0
55	118	0
56	59	0
57	118	0
58	59	0
59	117	0
60	59	0
61	117	0
62	59	0
63	118	0
64	59	0
65	118	0
66	59	0
67	117	0
68	59	0
69	118	0
70	59	0
71	118	0
72	59	0
73	118	0
74	59	0
75	117	0
76	59	0
77	117	0
78	59	0
79	118	0
80	59	0
81	118	0
82	59	0
83	118	0
84	59	0
85	118	0
86	59	0
87	117	0
88	59	0
89	118	0
90	59	0
91	118	0
92	59	0
93	118	0
94	59	0
95	118	0
96	59	0
97	117	0
98	59	0
99	118	0
100	59	0
101	118	0
102	59	0
103	118	0
104	59	0
105	117	0
106	59	0
107	117	0
108	61	0
109	115	0
110	62	0
111	113	0
112	64	0
113	111	0
114	67	0
115	109	0
116	69	0
117	105	0
118	73	0
119	102	0
120	77	0
121	97	0
122	81	0
123	93	0
124	86	0
125	89	0
126	91	0
127	83	0
128	97	0
129	77	0
130	103	0
131	71	0
132	109	0
133	65	0
134	115	0
135	57	0
136	122	0
137	52	0
138	129	0
139	45	0
140	135	0
141	39	0
142	141	0
143	35	0
144	145	0
145	30	0
146	149	0
147	26	0
148	151	0
149	24	0
150	153	0
151	24	0
152	151	0
153	27	0
154	149	0
155	30	0
156	143	0
157	37	0
158	137	0
159	45	0
160	126	0
161	55	0
162	115	0
163	69	0
164	102	0
165	81	0
166	88	0
167	95	0
168	73	0
169	110	0
170	59	0
171	125	0
172	47	0
173	136	0
174	35	0
175	145	0
176	29	0
177	151	0
178	25	0
179	153	0
180	25	0
181	150	0
182	31	0
183	141	0
184	41	0
185	129	0
186	55	0
187	113	0
188	73	0
189	94	0
190	93	0
191	74	0
192	112	0
193	56	0
194	129	0
195	40	0
196	143	0
197	29	0
198	151	0
199	24	0
200	152	0
201	27	0
202	145	0
203	37	0
204	132	0
205	55	0
206	113	0
207	75	0
208	89	0
209	99	0
210	65	0
211	122	0
212	45	0
213	141	0
214	30	0
215	151	0
216	24	0
217	153	0
218	29	0
219	142	0
220	43	0
221	123	0
222	65	0
223	99	0
224	91	0
225	73	0
226	117	0
227	48	0
228	140	0
229	30	0
230	151	0
231	25	0
232	151	0
233	31	0
234	137	0
235	50	0
236	113	0
237	78	0
238	84	0
239	107	0
240	55	0
241	134	0
242	33	0
243	150	0
244	24	0
245	152	0
246	31	0
247	137	0
248	51	0
249	110	0
250	83	0
251	77	0
252	115	0
253	47	0
254	141	0
255	29	0
256	153	0
257	25	0
258	145	0
259	41	0
260	122	0
261	71	0
262	88	0
263	106	0
264	54	0
265	137	0
266	31	0
267	153	0
268	25	0
269	147	0
270	41	0
271	121	0
272	72	0
273	86	0
274	110	0
275	49	0
276	141	0
277	28	0
278	153	0
279	27	0
280	141	0
281	50	0
282	109	0
283	87	0
284	69	0
285	126	0
286	37	0
287	149	0
288	25	0
289	149	0
290	39	0
291	123	0
292	74	0
293	82	0
294	115	0
295	44	0
296	146	0
297	25	0
298	151	0
299	34	0
300	127	0
301	69	0
302	86	0
303	113	0
304	45	0
305	145	0
306	25	0
307	151	0
308	35	0
309	125	0
310	73	0
311	81	0
312	117	0
313	40	0
314	149	0
315	24	0
316	148	0
317	43	0
318	115	0
319	86	0
320	67	0
321	130	0
322	31	0
323	153	0
324	27	0
325	138	0
326	58	0
327	94	0
328	107	0
329	48	0
330	145	0
331	25	0
332	149	0
333	41	0
334	115	0
335	86	0
336	65	0
337	134	0
338	29	0
339	153	0
340	31	0
341	129	0
342	71	0
343	79	0
344	122	0
345	35	0
346	152	0
347	27	0
348	137	0
349	61	0
350	89	0
351	115	0
352	40	0
353	150	0
354	25	0
355	141	0
356	57	0
357	93	0
358	112	0
359	41	0
360	150	0
361	25	0
362	141	0
363	57	0
364	91	0
365	115	0
366	39	0
367	151	0
368	26	0
369	137	0
370	63	0
371	85	0
372	121	0
373	34	0
374	153	0
375	29	0
376	130	0
377	75	0
378	73	0
379	131	0
380	29	0
381	151	0
382	37	0
383	117	0
384	91	0
385	56	0
386	143	0
387	24	0
388	146	0
389	52	0
390	95	0
391	113	0
392	38	0
393	151	0
394	28	0
395	130	0
396	76	0
397	69	0
398	137	0
399	25	0
400	149	0
401	45	0
402	103	0
403	107	0
404	41	0
405	151	0
406	27	0
407	130	0
408	77	0
409	67	0
410	138	0
411	25	0
412	147	0
413	51	0
414	94	0
415	117	0
416	34	0
417	153	0
418	33	0
419	118	0
420	93	0
421	51	0
422	149	0
423	25	0
424	137	0
425	71	0
426	70	0
427	137	0
428	25	0
429	147	0
430	54	0
431	88	0
432	123	0
433	29	0
434	152	0
435	41	0
436	103	0
437	110	0
438	37	0
439	153	0
440	34	0
441	115	0
442	98	0
443	45	0
444	151	0
445	29	0
446	125	0
447	89	0
448	51	0
449	149	0
450	26	0
451	129	0
452	83	0
453	57	0
454	147	0
455	25	0
456	133	0
457	78	0
458	60	0
459	145	0
460	25	0
461	135	0
462	77	0
463	61	0
464	145	0
465	25	0
466	134	0
467	79	0
468	58	0
469	147	0
470	25	0
471	131	0
472	83	0
473	54	0
474	149	0
475	27	0
476	125	0
477	90	0
478	47	0
479	151	0
480	31	0
481	117	0
482	99	0
483	40	0
484	153	0
485	37	0
486	106	0
487	113	0
488	33	0
489	151	0
490	46	0
491	91	0
492	126	0
493	26	0
494	147	0
495	60	0
496	73	0
497	140	0
498	24	0
499	137	0
500	79	0
501	55	0
502	149	0
503	29	0
504	118	0
505	102	0
506	37	0
507	153	0
508	43	0
509	93	0
510	126	0
511	27	0
512	145	0
513	65	0
514	67	0
515	145	0
516	26	0
517	126	0
518	94	0
519	41	0
520	153	0
521	40	0
522	96	0
523	125	0
524	25	0
525	145	0
526	69	0
527	62	0
528	147	0
529	28	0
530	118	0
531	105	0
532	34	0
533	152	0
534	51	0
535	80	0
536	139	0
537	25	0
538	131	0
539	91	0
540	43	0
541	153	0
542	42	0
543	91	0
544	131	0
545	25	0
546	137	0
547	83	0
548	47	0
549	153	0
550	39	0
551	95	0
552	130	0
553	25	0
554	138	0
555	83	0
556	47	0
557	153	0
558	40	0
559	92	0
560	131	0
561	24	0
562	133	0
563	89	0
564	41	0
565	153	0
566	47	0
567	82	0
568	139	0
569	25	0
570	124	0
571	103	0
572	33	0
573	150	0
574	61	0
575	65	0
576	149	0
577	31	0
578	106	0
579	123	0
580	25	0
581	139	0
582	83	0
583	44	0
584	153	0
585	48	0
586	79	0
587	142	0
588	27	0
589	117	0
590	113	0
591	27	0
592	143	0
593	78	0
594	48	0
595	153	0
596	46	0
597	80	0
598	142	0
599	27	0
600	113	0
601	117	0
602	26	0
603	140	0
604	85	0
605	41	0
606	151	0
607	55	0
608	68	0
609	149	0
610	33	0
611	98	0
612	131	0
613	25	0
614	127	0
615	105	0
616	29	0
617	144	0
618	77	0
619	45	0
620	153	0
621	52	0
622	69	0
623	149	0
624	34	0
625	94	0
626	135	0
627	25	0
628	119	0
629	115	0
630	26	0
631	137	0
632	91	0
633	35	0
634	149	0
635	69	0
636	51	0
637	153	0
638	50	0
639	70	0
640	149	0
641	36	0
642	89	0
643	140	0
644	27	0
645	109	0
646	125	0
647	25	0
648	125	0
649	109	0
650	27	0
651	139	0
652	93	0
653	33	0
654	147	0
655	77	0
656	43	0
657	152	0
658	63	0
659	54	0
660	153	0
661	50	0
662	67	0
663	151	0
664	41	0
665	80	0
666	146	0
667	33	0
668	91	0
669	141	0
670	29	0
671	102	0
672	134	0
673	26	0
674	111	0
675	126	0
676	25	0
677	118	0
678	119	0
679	25	0
680	126	0
681	113	0
682	25	0
683	131	0
684	107	0
685	26	0
686	135	0
687	102	0
688	28	0
689	139	0
690	97	0
691	29	0
692	141	0
693	94	0
694	31	0
695	142	0
696	91	0
697	31	0
698	142	0
699	90	0
700	32	0
701	143	0
702	90	0
703	32	0
704	143	0
705	91	0
706	31	0
707	142	0
708	93	0
709	30	0
710	141	0
711	94	0
712	29	0
713	139	0
714	99	0
715	28	0
716	136	0
717	103	0
718	27	0
719	133	0
720	109	0
721	25	0
722	127	0
723	115	0
724	25	0
725	121	0
726	121	0
727	24	0
728	113	0
729	129	0
730	25	0
731	105	0
732	136	0
733	29	0
734	95	0
735	143	0
736	34	0
737	83	0
738	148	0
739	41	0
740	71	0
741	151	0
742	51	0
743	59	0
744	153	0
745	62	0
746	47	0
747	150	0
748	77	0
749	37	0
750	145	0
751	93	0
752	29	0
753	134	0
754	109	0
755	25	0
756	121	0
757	125	0
758	25	0
759	103	0
760	139	0
761	31	0
762	84	0
763	149	0
764	44	0
765	63	0
766	153	0
767	62	0
768	45	0
769	149	0
770	85	0
771	31	0
772	138	0
773	107	0
774	25	0
775	119	0
776	128	0
777	27	0
778	94	0
779	145	0
780	39	0
781	69	0
782	153	0
783	60	0
784	46	0
785	149	0
786	86	0
787	29	0
788	133	0
789	115	0
790	25	0
791	108	0
792	139	0
793	33	0
794	78	0
795	151	0
796	55	0
797	49	0
798	150	0
799	85	0
800	30	0
801	133	0
802	117	0
803	25	0
804	103	0
805	142	0
806	37	0
807	69	0
808	153	0
809	65	0
810	39	0
811	144	0
812	101	0
813	25	0
814	116	0
815	134	0
816	31	0
817	79	0
818	153	0
819	59	0
820	45	0
821	147	0
822	95	0
823	25	0
824	119	0
825	133	0
826	31	0
827	79	0
828	153	0
829	60	0
830	42	0
831	145	0
832	102	0
833	25	0
834	111	0
835	139	0
836	37	0
837	68	0
838	153	0
839	73	0
840	32	0
841	134	0
842	119	0
843	25	0
844	93	0
845	149	0
846	51	0
847	47	0
848	147	0
849	98	0
850	25	0
851	111	0
852	140	0
853	38	0
854	63	0
855	152	0
856	83	0
857	28	0
858	125	0
859	130	0
860	31	0
861	74	0
862	153	0
863	72	0
864	32	0
865	131	0
866	125	0
867	29	0
868	81	0
869	153	0
870	67	0
871	34	0
872	134	0
873	122	0
874	27	0
875	81	0
876	152	0
877	68	0
878	33	0
879	133	0
880	125	0
881	29	0
882	77	0
883	153	0
884	74	0
885	31	0
886	127	0
887	131	0
888	33	0
889	67	0
890	152	0
891	85	0
892	26	0
893	116	0
894	141	0
895	41	0
896	54	0
897	148	0
898	101	0
899	25	0
900	98	0
901	149	0
902	58	0
903	38	0
904	137	0
905	122	0
906	29	0
907	75	0
908	152	0
909	82	0
910	27	0
911	115	0
912	142	0
913	46	0
914	48	0
915	143	0
916	112	0
917	26	0
918	83	0
919	153	0
920	75	0
921	28	0
922	119	0
923	141	0
924	45	0
925	49	0
926	143	0
927	114	0
928	27	0
929	79	0
930	153	0
931	83	0
932	25	0
933	109	0
934	145	0
935	54	0
936	39	0
937	134	0
938	127	0
939	33	0
940	61	0
941	149	0
942	103	0
943	25	0
944	86	0
945	153	0
946	78	0
947	27	0
948	111	0
949	146	0
950	55	0
951	37	0
952	131	0
953	133	0
954	38	0
955	53	0
956	145	0
957	115	0
958	29	0
959	70	0
960	151	0
961	97	0
962	24	0
963	88	0
964	153	0
965	80	0
966	25	0
967	105	0
968	150	0
969	65	0
970	30	0
971	118	0
972	143	0
973	53	0
974	37	0
975	129	0
976	136	0
977	44	0
978	45	0
979	137	0
980	129	0
981	37	0
982	52	0
983	142	0
984	121	0
985	33	0
986	59	0
987	145	0
988	116	0
989	29	0
990	64	0
991	149	0
992	110	0
993	28	0
994	69	0
995	149	0
996	107	0
997	27	0
998	70	0
999	150	0
