Oscilloscope data. 
Time step = 50,00 nS
Voltage step = 31,25 mV
Zero level = 91

N 	Smpl.	Trig

0	91	0
1	90	0
2	91	0
3	90	0
4	91	0
5	90	0
6	90	0
7	90	0
8	90	0
9	90	0
10	90	0
11	91	0
12	90	0
13	90	0
14	90	0
15	90	0
16	90	0
17	90	0
18	90	0
19	91	0
20	91	0
21	91	0
22	90	0
23	90	0
24	90	0
25	90	0
26	90	0
27	90	0
28	90	0
29	90	0
30	90	0
31	90	0
32	90	0
33	91	0
34	90	0
35	91	0
36	91	0
37	91	0
38	91	0
39	90	0
40	90	0
41	90	0
42	91	0
43	90	0
44	91	0
45	90	0
46	90	0
47	90	0
48	90	0
49	90	0
50	90	0
51	90	0
52	91	0
53	91	0
54	90	0
55	90	0
56	91	0
57	90	0
58	90	0
59	90	0
60	91	0
61	91	0
62	91	0
63	90	0
64	91	0
65	91	0
66	91	0
67	90	0
68	90	0
69	90	0
70	90	0
71	91	0
72	91	0
73	90	0
74	90	0
75	90	0
76	90	0
77	90	0
78	90	0
79	91	0
80	90	0
81	90	0
82	90	0
83	90	0
84	90	0
85	91	0
86	90	0
87	90	0
88	90	0
89	91	0
90	91	0
91	91	0
92	91	0
93	91	0
94	91	0
95	90	0
96	91	0
97	90	0
98	90	0
99	91	0
100	91	0
101	92	0
102	91	0
103	91	0
104	90	0
105	90	0
106	91	0
107	90	0
108	91	0
109	90	0
110	90	0
111	91	0
112	90	0
113	90	0
114	90	0
115	90	0
116	90	0
117	91	0
118	91	0
119	91	0
120	91	0
121	91	0
122	91	0
123	90	0
124	90	0
125	90	0
126	91	0
127	91	0
128	90	0
129	90	0
130	91	0
131	91	0
132	91	0
133	91	0
134	91	0
135	91	0
136	90	0
137	90	0
138	90	0
139	90	0
140	90	0
141	91	0
142	91	0
143	90	0
144	91	0
145	91	0
146	90	0
147	91	0
148	90	0
149	91	0
150	91	0
151	90	0
152	90	0
153	90	0
154	90	0
155	90	0
156	90	0
157	90	0
158	90	0
159	91	0
160	90	0
161	91	0
162	90	0
163	90	0
164	91	0
165	91	0
166	91	0
167	91	0
168	91	0
169	90	0
170	91	0
171	90	0
172	90	0
173	91	0
174	90	0
175	91	0
176	91	0
177	91	0
178	91	0
179	91	0
180	91	0
181	90	0
182	90	0
183	91	0
184	91	0
185	90	0
186	91	0
187	91	0
188	90	0
189	91	0
190	90	0
191	90	0
192	91	0
193	91	0
194	91	0
195	90	0
196	90	0
197	91	0
198	90	0
199	90	0
200	90	0
201	90	0
202	90	0
203	90	0
204	90	0
205	90	0
206	91	0
207	91	0
208	91	0
209	90	0
210	90	0
211	90	0
212	90	0
213	90	0
214	90	0
215	90	0
216	91	0
217	91	0
218	90	0
219	91	0
220	90	0
221	90	0
222	91	0
223	90	0
224	91	0
225	90	0
226	90	0
227	90	0
228	90	0
229	90	0
230	90	0
231	91	0
232	91	0
233	90	0
234	90	0
235	90	0
236	90	0
237	90	0
238	90	0
239	90	0
240	90	0
241	91	0
242	90	0
243	90	0
244	90	0
245	91	0
246	90	0
247	91	0
248	90	0
249	90	0
250	91	0
251	91	0
252	91	0
253	91	0
254	91	0
255	91	0
256	91	0
257	90	0
258	90	0
259	90	0
260	91	0
261	91	0
262	91	0
263	90	0
264	90	0
265	91	0
266	91	0
267	91	0
268	90	0
269	91	0
270	91	0
271	90	0
272	90	0
273	90	0
274	90	0
275	90	0
276	91	0
277	90	0
278	91	0
279	91	0
280	91	0
281	91	0
282	91	0
283	91	0
284	90	0
285	91	0
286	90	0
287	90	0
288	90	0
289	91	0
290	90	0
291	91	0
292	90	0
293	91	0
294	91	0
295	91	0
296	91	0
297	90	0
298	90	0
299	91	0
300	90	0
301	90	0
302	90	0
303	91	0
304	90	0
305	91	0
306	90	0
307	91	0
308	90	0
309	90	0
310	90	0
311	90	0
312	90	0
313	90	0
314	90	0
315	90	0
316	90	0
317	90	0
318	90	0
319	91	0
320	90	0
321	91	0
322	91	0
323	90	0
324	90	0
325	90	0
326	90	0
327	91	0
328	91	0
329	91	0
330	90	0
331	90	0
332	90	0
333	90	0
334	90	0
335	90	0
336	90	0
337	90	0
338	90	0
339	91	0
340	91	0
341	91	0
342	91	0
343	90	0
344	91	0
345	90	0
346	90	0
347	91	0
348	90	0
349	90	0
350	90	0
351	90	0
352	90	0
353	90	0
354	90	0
355	90	0
356	91	0
357	90	0
358	90	0
359	90	0
360	90	0
361	91	0
362	90	0
363	91	0
364	91	0
365	90	0
366	91	0
367	90	0
368	90	0
369	90	0
370	90	0
371	90	0
372	90	0
373	90	0
374	90	0
375	90	0
376	90	0
377	90	0
378	90	0
379	90	0
380	90	0
381	90	0
382	91	0
383	90	0
384	90	0
385	90	0
386	90	0
387	90	0
388	91	0
389	90	0
390	90	0
391	90	0
392	90	0
393	90	0
394	90	0
395	90	0
396	90	0
397	90	0
398	90	0
399	90	0
400	91	0
401	91	0
402	90	0
403	91	0
404	90	0
405	90	0
406	90	0
407	90	0
408	91	0
409	91	0
410	91	0
411	91	0
412	90	0
413	90	0
414	90	0
415	91	0
416	91	0
417	91	0
418	91	0
419	90	0
420	91	0
421	90	0
422	91	0
423	90	0
424	90	0
425	90	0
426	91	0
427	90	0
428	90	0
429	90	0
430	90	0
431	90	0
432	90	0
433	90	0
434	90	0
435	90	0
436	91	0
437	90	0
438	90	0
439	91	0
440	91	0
441	91	0
442	90	0
443	90	0
444	90	0
445	90	0
446	90	0
447	90	0
448	90	0
449	90	0
450	91	0
451	91	0
452	91	0
453	91	0
454	90	0
455	91	0
456	90	0
457	90	0
458	90	0
459	90	0
460	91	0
461	91	0
462	90	0
463	90	0
464	90	0
465	91	0
466	91	0
467	90	0
468	90	0
469	91	0
470	90	0
471	91	0
472	90	0
473	90	0
474	90	0
475	90	0
476	90	0
477	90	0
478	90	0
479	90	0
480	90	0
481	90	0
482	91	0
483	90	0
484	90	0
485	90	0
486	90	0
487	90	0
488	90	0
489	90	0
490	90	0
491	90	0
492	90	0
493	90	0
494	90	0
495	90	0
496	91	0
497	91	0
498	91	0
499	91	0
500	91	0
501	91	0
502	90	0
503	90	0
504	91	0
505	90	0
506	90	0
507	90	0
508	90	0
509	91	0
510	90	0
511	90	0
512	90	0
513	90	0
514	90	0
515	91	0
516	91	0
517	90	0
518	90	0
519	91	0
520	90	0
521	90	0
522	90	0
523	90	0
524	90	0
525	90	0
526	90	0
527	90	0
528	90	0
529	91	0
530	91	0
531	91	0
532	91	0
533	90	0
534	90	0
535	91	0
536	90	0
537	91	0
538	91	0
539	91	0
540	90	0
541	90	0
542	91	0
543	91	0
544	90	0
545	90	0
546	90	0
547	90	0
548	90	0
549	90	0
550	90	0
551	90	0
552	91	0
553	90	0
554	90	0
555	90	0
556	91	0
557	90	0
558	90	0
559	90	0
560	90	0
561	91	0
562	90	0
563	90	0
564	91	0
565	91	0
566	90	0
567	90	0
568	90	0
569	90	0
570	90	0
571	90	0
572	90	0
573	90	0
574	90	0
575	91	0
576	90	0
577	90	0
578	90	0
579	90	0
580	90	0
581	90	0
582	90	0
583	90	0
584	90	0
585	90	0
586	90	0
587	91	0
588	91	0
589	90	0
590	90	0
591	91	0
592	90	0
593	90	0
594	90	0
595	90	0
596	90	0
597	90	0
598	91	0
599	91	0
600	91	0
601	90	0
602	90	0
603	90	0
604	90	0
605	91	0
606	91	0
607	90	0
608	90	0
609	90	0
610	90	0
611	90	0
612	90	0
613	91	0
614	91	0
615	91	0
616	91	0
617	91	0
618	91	0
619	91	0
620	91	0
621	91	0
622	91	0
623	91	0
624	91	0
625	90	0
626	91	0
627	91	0
628	91	0
629	91	0
630	90	0
631	90	0
632	91	0
633	90	0
634	90	0
635	91	0
636	90	0
637	90	0
638	90	0
639	90	0
640	90	0
641	90	0
642	91	0
643	90	0
644	91	0
645	90	0
646	90	0
647	91	0
648	90	0
649	90	0
650	91	0
651	91	0
652	90	0
653	90	0
654	90	0
655	90	0
656	91	0
657	90	0
658	90	0
659	91	0
660	91	0
661	91	0
662	91	0
663	90	0
664	90	0
665	90	0
666	91	0
667	91	0
668	91	0
669	90	0
670	90	0
671	91	0
672	90	0
673	90	0
674	90	0
675	90	0
676	90	0
677	90	0
678	91	0
679	90	0
680	90	0
681	91	0
682	91	0
683	91	0
684	90	0
685	90	0
686	91	0
687	90	0
688	90	0
689	90	0
690	90	0
691	91	0
692	90	0
693	91	0
694	90	0
695	90	0
696	90	0
697	90	0
698	90	0
699	90	0
700	90	0
701	91	0
702	90	0
703	90	0
704	90	0
705	90	0
706	91	0
707	90	0
708	90	0
709	90	0
710	90	0
711	90	0
712	90	0
713	90	0
714	90	0
715	90	0
716	90	0
717	90	0
718	90	0
719	90	0
720	91	0
721	90	0
722	90	0
723	91	0
724	90	0
725	90	0
726	91	0
727	90	0
728	90	0
729	90	0
730	90	0
731	90	0
732	90	0
733	90	0
734	91	0
735	90	0
736	90	0
737	91	0
738	90	0
739	90	0
740	91	0
741	90	0
742	90	0
743	90	0
744	90	0
745	90	0
746	91	0
747	91	0
748	90	0
749	90	0
750	90	0
751	91	0
752	90	0
753	90	0
754	90	0
755	91	0
756	90	0
757	90	0
758	91	0
759	90	0
760	90	0
761	90	0
762	90	0
763	91	0
764	90	0
765	91	0
766	90	0
767	90	0
768	90	0
769	90	0
770	91	0
771	90	0
772	91	0
773	91	0
774	90	0
775	90	0
776	90	0
777	91	0
778	90	0
779	90	0
780	90	0
781	90	0
782	90	0
783	91	0
784	90	0
785	90	0
786	90	0
787	91	0
788	90	0
789	90	0
790	90	0
791	90	0
792	90	0
793	90	0
794	90	0
795	90	0
796	90	0
797	90	0
798	90	0
799	90	0
800	91	0
801	91	0
802	91	0
803	91	0
804	90	0
805	90	0
806	91	0
807	91	0
808	90	0
809	90	0
810	91	0
811	91	0
812	90	0
813	90	0
814	90	0
815	90	0
816	90	0
817	91	0
818	90	0
819	91	0
820	91	0
821	90	0
822	91	0
823	91	0
824	90	0
825	91	0
826	90	0
827	91	0
828	90	0
829	91	0
830	90	0
831	91	0
832	90	0
833	90	0
834	90	0
835	90	0
836	90	0
837	90	0
838	91	0
839	90	0
840	90	0
841	91	0
842	91	0
843	90	0
844	90	0
845	90	0
846	90	0
847	90	0
848	90	0
849	91	0
850	91	0
851	91	0
852	90	0
853	91	0
854	90	0
855	90	0
856	90	0
857	90	0
858	90	0
859	90	0
860	90	0
861	90	0
862	90	0
863	90	0
864	90	0
865	90	0
866	90	0
867	90	0
868	90	0
869	91	0
870	91	0
871	91	0
872	91	0
873	90	0
874	91	0
875	91	0
876	91	0
877	90	0
878	91	0
879	90	0
880	90	0
881	90	0
882	91	0
883	91	0
884	91	0
885	90	0
886	90	0
887	90	0
888	90	0
889	90	0
890	91	0
891	90	0
892	90	0
893	90	0
894	90	0
895	91	0
896	90	0
897	90	0
898	91	0
899	90	0
900	91	0
901	91	0
902	91	0
903	90	0
904	90	0
905	90	0
906	91	0
907	90	0
908	90	0
909	90	0
910	90	0
911	90	0
912	91	0
913	90	0
914	91	0
915	91	0
916	91	0
917	90	0
918	90	0
919	91	0
920	90	0
921	90	0
922	90	0
923	91	0
924	91	0
925	91	0
926	91	0
927	91	0
928	91	0
929	90	0
930	91	0
931	90	0
932	90	0
933	91	0
934	90	0
935	90	0
936	90	0
937	90	0
938	90	0
939	90	0
940	90	0
941	90	0
942	91	0
943	90	0
944	90	0
945	90	0
946	91	0
947	90	0
948	90	0
949	91	0
950	90	0
951	90	0
952	90	0
953	90	0
954	90	0
955	90	0
956	91	0
957	91	0
958	91	0
959	91	0
960	90	0
961	91	0
962	90	0
963	91	0
964	90	0
965	91	0
966	91	0
967	91	0
968	90	0
969	90	0
970	90	0
971	90	0
972	90	0
973	90	0
974	90	0
975	91	0
976	90	0
977	90	0
978	90	0
979	91	0
980	90	0
981	90	0
982	90	0
983	90	0
984	90	0
985	91	0
986	90	0
987	91	0
988	90	0
989	91	0
990	91	0
991	91	0
992	90	0
993	91	0
994	91	0
995	91	0
996	90	0
997	90	0
998	90	0
999	90	0
