Oscilloscope data. 
Time step = 50,00 nS
Voltage step = 31,25 mV
Zero level = 91

N 	Smpl.	Trig

0	90	0
1	90	0
2	91	0
3	91	0
4	90	0
5	91	0
6	90	0
7	91	0
8	91	0
9	90	0
10	90	0
11	90	0
12	91	0
13	90	0
14	91	0
15	90	0
16	91	0
17	91	0
18	91	0
19	90	0
20	90	0
21	90	0
22	90	0
23	90	0
24	90	0
25	90	0
26	90	0
27	90	0
28	90	0
29	90	0
30	91	0
31	91	0
32	91	0
33	91	0
34	90	0
35	90	0
36	91	0
37	91	0
38	90	0
39	91	0
40	90	0
41	90	0
42	90	0
43	90	0
44	91	0
45	91	0
46	91	0
47	90	0
48	90	0
49	90	0
50	90	0
51	91	0
52	90	0
53	90	0
54	90	0
55	90	0
56	91	0
57	90	0
58	91	0
59	90	0
60	91	0
61	90	0
62	90	0
63	90	0
64	90	0
65	90	0
66	90	0
67	91	0
68	90	0
69	90	0
70	91	0
71	90	0
72	90	0
73	91	0
74	91	0
75	90	0
76	90	0
77	90	0
78	90	0
79	90	0
80	90	0
81	90	0
82	90	0
83	90	0
84	90	0
85	90	0
86	91	0
87	90	0
88	90	0
89	90	0
90	90	0
91	91	0
92	91	0
93	91	0
94	91	0
95	91	0
96	91	0
97	90	0
98	90	0
99	90	0
100	90	0
101	91	0
102	90	0
103	90	0
104	90	0
105	90	0
106	90	0
107	91	0
108	91	0
109	90	0
110	90	0
111	90	0
112	90	0
113	90	0
114	91	0
115	91	0
116	91	0
117	91	0
118	90	0
119	90	0
120	90	0
121	90	0
122	90	0
123	90	0
124	90	0
125	90	0
126	90	0
127	91	0
128	91	0
129	91	0
130	90	0
131	91	0
132	91	0
133	91	0
134	91	0
135	91	0
136	90	0
137	90	0
138	91	0
139	90	0
140	90	0
141	90	0
142	90	0
143	91	0
144	91	0
145	90	0
146	91	0
147	91	0
148	91	0
149	91	0
150	91	0
151	90	0
152	90	0
153	90	0
154	90	0
155	90	0
156	90	0
157	90	0
158	91	0
159	90	0
160	90	0
161	90	0
162	90	0
163	90	0
164	90	0
165	90	0
166	90	0
167	91	0
168	90	0
169	91	0
170	91	0
171	90	0
172	90	0
173	90	0
174	91	0
175	90	0
176	90	0
177	91	0
178	91	0
179	91	0
180	90	0
181	90	0
182	90	0
183	90	0
184	90	0
185	91	0
186	90	0
187	90	0
188	90	0
189	91	0
190	91	0
191	91	0
192	91	0
193	90	0
194	90	0
195	91	0
196	91	0
197	90	0
198	91	0
199	90	0
200	91	0
201	91	0
202	91	0
203	91	0
204	90	0
205	90	0
206	90	0
207	90	0
208	90	0
209	91	0
210	90	0
211	90	0
212	90	0
213	91	0
214	90	0
215	90	0
216	90	0
217	91	0
218	91	0
219	90	0
220	90	0
221	90	0
222	90	0
223	90	0
224	90	0
225	91	0
226	91	0
227	91	0
228	90	0
229	90	0
230	90	0
231	90	0
232	90	0
233	90	0
234	90	0
235	90	0
236	91	0
237	90	0
238	90	0
239	90	0
240	90	0
241	91	0
242	90	0
243	90	0
244	90	0
245	90	0
246	90	0
247	91	0
248	90	0
249	91	0
250	90	0
251	90	0
252	90	0
253	90	0
254	90	0
255	91	0
256	91	0
257	91	0
258	91	0
259	90	0
260	90	0
261	90	0
262	90	0
263	91	0
264	90	0
265	90	0
266	90	0
267	90	0
268	91	0
269	91	0
270	91	0
271	90	0
272	90	0
273	91	0
274	90	0
275	90	0
276	91	0
277	90	0
278	90	0
279	90	0
280	90	0
281	91	0
282	90	0
283	91	0
284	90	0
285	90	0
286	90	0
287	90	0
288	90	0
289	91	0
290	91	0
291	90	0
292	90	0
293	90	0
294	90	0
295	91	0
296	91	0
297	91	0
298	90	0
299	90	0
300	90	0
301	90	0
302	90	0
303	90	0
304	90	0
305	90	0
306	90	0
307	90	0
308	90	0
309	91	0
310	90	0
311	91	0
312	91	0
313	90	0
314	90	0
315	90	0
316	91	0
317	90	0
318	90	0
319	90	0
320	90	0
321	91	0
322	90	0
323	90	0
324	90	0
325	90	0
326	90	0
327	91	0
328	91	0
329	90	0
330	91	0
331	90	0
332	90	0
333	90	0
334	90	0
335	90	0
336	91	0
337	91	0
338	90	0
339	91	0
340	90	0
341	90	0
342	90	0
343	90	0
344	90	0
345	90	0
346	90	0
347	91	0
348	90	0
349	91	0
350	90	0
351	90	0
352	91	0
353	90	0
354	90	0
355	90	0
356	90	0
357	91	0
358	91	0
359	91	0
360	91	0
361	90	0
362	90	0
363	90	0
364	90	0
365	90	0
366	90	0
367	90	0
368	91	0
369	91	0
370	91	0
371	91	0
372	91	0
373	90	0
374	90	0
375	90	0
376	90	0
377	90	0
378	90	0
379	91	0
380	90	0
381	91	0
382	90	0
383	91	0
384	90	0
385	90	0
386	90	0
387	90	0
388	90	0
389	90	0
390	90	0
391	90	0
392	90	0
393	90	0
394	90	0
395	91	0
396	90	0
397	90	0
398	90	0
399	90	0
400	90	0
401	90	0
402	90	0
403	90	0
404	90	0
405	90	0
406	91	0
407	90	0
408	90	0
409	91	0
410	91	0
411	91	0
412	91	0
413	91	0
414	90	0
415	90	0
416	91	0
417	90	0
418	90	0
419	91	0
420	91	0
421	90	0
422	91	0
423	90	0
424	90	0
425	91	0
426	90	0
427	90	0
428	90	0
429	90	0
430	91	0
431	90	0
432	91	0
433	90	0
434	90	0
435	91	0
436	90	0
437	90	0
438	90	0
439	90	0
440	90	0
441	90	0
442	90	0
443	90	0
444	91	0
445	91	0
446	90	0
447	90	0
448	90	0
449	89	0
450	90	0
451	90	0
452	90	0
453	90	0
454	91	0
455	90	0
456	90	0
457	90	0
458	91	0
459	91	0
460	91	0
461	90	0
462	90	0
463	90	0
464	91	0
465	91	0
466	90	0
467	90	0
468	91	0
469	90	0
470	90	0
471	91	0
472	90	0
473	90	0
474	90	0
475	90	0
476	90	0
477	91	0
478	90	0
479	91	0
480	91	0
481	91	0
482	90	0
483	90	0
484	90	0
485	91	0
486	90	0
487	91	0
488	90	0
489	90	0
490	91	0
491	90	0
492	91	0
493	90	0
494	90	0
495	91	0
496	91	0
497	91	0
498	91	0
499	91	0
500	90	0
501	91	0
502	91	0
503	91	0
504	91	0
505	91	0
506	91	0
507	91	0
508	91	0
509	90	0
510	91	0
511	90	0
512	90	0
513	90	0
514	90	0
515	90	0
516	90	0
517	91	0
518	90	0
519	90	0
520	91	0
521	90	0
522	91	0
523	91	0
524	91	0
525	91	0
526	91	0
527	90	0
528	90	0
529	90	0
530	91	0
531	91	0
532	91	0
533	90	0
534	90	0
535	91	0
536	90	0
537	90	0
538	91	0
539	90	0
540	90	0
541	90	0
542	90	0
543	90	0
544	91	0
545	90	0
546	91	0
547	90	0
548	90	0
549	91	0
550	91	0
551	91	0
552	90	0
553	90	0
554	90	0
555	90	0
556	90	0
557	90	0
558	91	0
559	90	0
560	90	0
561	90	0
562	90	0
563	91	0
564	90	0
565	91	0
566	90	0
567	90	0
568	90	0
569	90	0
570	91	0
571	90	0
572	90	0
573	90	0
574	90	0
575	91	0
576	90	0
577	90	0
578	90	0
579	90	0
580	90	0
581	90	0
582	90	0
583	90	0
584	90	0
585	90	0
586	90	0
587	90	0
588	90	0
589	90	0
590	90	0
591	90	0
592	90	0
593	90	0
594	91	0
595	91	0
596	90	0
597	90	0
598	91	0
599	91	0
600	90	0
601	90	0
602	90	0
603	90	0
604	90	0
605	90	0
606	90	0
607	90	0
608	90	0
609	90	0
610	90	0
611	90	0
612	90	0
613	90	0
614	91	0
615	90	0
616	90	0
617	90	0
618	90	0
619	90	0
620	90	0
621	90	0
622	91	0
623	90	0
624	91	0
625	91	0
626	90	0
627	90	0
628	90	0
629	91	0
630	91	0
631	91	0
632	90	0
633	90	0
634	90	0
635	90	0
636	91	0
637	90	0
638	90	0
639	90	0
640	91	0
641	90	0
642	90	0
643	90	0
644	91	0
645	90	0
646	91	0
647	90	0
648	90	0
649	90	0
650	91	0
651	90	0
652	91	0
653	90	0
654	91	0
655	91	0
656	91	0
657	90	0
658	91	0
659	91	0
660	90	0
661	90	0
662	90	0
663	90	0
664	90	0
665	90	0
666	90	0
667	90	0
668	90	0
669	90	0
670	91	0
671	90	0
672	90	0
673	90	0
674	90	0
675	91	0
676	90	0
677	90	0
678	90	0
679	90	0
680	90	0
681	90	0
682	91	0
683	90	0
684	90	0
685	90	0
686	91	0
687	90	0
688	90	0
689	91	0
690	90	0
691	90	0
692	90	0
693	90	0
694	90	0
695	90	0
696	90	0
697	91	0
698	91	0
699	91	0
700	91	0
701	91	0
702	91	0
703	90	0
704	90	0
705	90	0
706	90	0
707	90	0
708	90	0
709	90	0
710	90	0
711	91	0
712	90	0
713	90	0
714	90	0
715	90	0
716	90	0
717	90	0
718	90	0
719	90	0
720	91	0
721	91	0
722	91	0
723	90	0
724	91	0
725	91	0
726	90	0
727	90	0
728	90	0
729	91	0
730	91	0
731	90	0
732	91	0
733	91	0
734	90	0
735	90	0
736	91	0
737	91	0
738	90	0
739	90	0
740	91	0
741	91	0
742	91	0
743	90	0
744	90	0
745	91	0
746	91	0
747	90	0
748	90	0
749	90	0
750	91	0
751	90	0
752	91	0
753	90	0
754	90	0
755	90	0
756	91	0
757	90	0
758	90	0
759	90	0
760	91	0
761	91	0
762	91	0
763	90	0
764	90	0
765	90	0
766	91	0
767	90	0
768	90	0
769	90	0
770	90	0
771	91	0
772	91	0
773	91	0
774	90	0
775	91	0
776	90	0
777	90	0
778	91	0
779	90	0
780	90	0
781	90	0
782	90	0
783	91	0
784	90	0
785	91	0
786	91	0
787	90	0
788	90	0
789	90	0
790	90	0
791	90	0
792	90	0
793	90	0
794	90	0
795	90	0
796	90	0
797	91	0
798	91	0
799	91	0
800	90	0
801	90	0
802	91	0
803	90	0
804	90	0
805	90	0
806	90	0
807	90	0
808	91	0
809	91	0
810	91	0
811	90	0
812	90	0
813	90	0
814	90	0
815	90	0
816	90	0
817	90	0
818	90	0
819	91	0
820	91	0
821	90	0
822	91	0
823	91	0
824	90	0
825	91	0
826	90	0
827	91	0
828	90	0
829	90	0
830	90	0
831	91	0
832	90	0
833	90	0
834	91	0
835	91	0
836	91	0
837	91	0
838	90	0
839	90	0
840	90	0
841	90	0
842	91	0
843	91	0
844	90	0
845	91	0
846	90	0
847	90	0
848	90	0
849	90	0
850	90	0
851	91	0
852	90	0
853	90	0
854	91	0
855	91	0
856	90	0
857	90	0
858	91	0
859	90	0
860	90	0
861	90	0
862	91	0
863	90	0
864	90	0
865	91	0
866	91	0
867	91	0
868	91	0
869	91	0
870	91	0
871	90	0
872	91	0
873	90	0
874	91	0
875	90	0
876	90	0
877	91	0
878	90	0
879	90	0
880	90	0
881	90	0
882	90	0
883	90	0
884	91	0
885	90	0
886	90	0
887	91	0
888	90	0
889	90	0
890	90	0
891	90	0
892	90	0
893	90	0
894	90	0
895	91	0
896	90	0
897	90	0
898	90	0
899	91	0
900	90	0
901	90	0
902	91	0
903	90	0
904	91	0
905	90	0
906	90	0
907	90	0
908	90	0
909	90	0
910	90	0
911	90	0
912	90	0
913	90	0
914	90	0
915	90	0
916	90	0
917	91	0
918	90	0
919	90	0
920	90	0
921	90	0
922	91	0
923	90	0
924	90	0
925	90	0
926	91	0
927	90	0
928	90	0
929	90	0
930	90	0
931	90	0
932	90	0
933	90	0
934	91	0
935	90	0
936	91	0
937	90	0
938	89	0
939	91	0
940	90	0
941	91	0
942	91	0
943	90	0
944	90	0
945	91	0
946	91	0
947	90	0
948	90	0
949	90	0
950	90	0
951	91	0
952	91	0
953	90	0
954	90	0
955	90	0
956	91	0
957	90	0
958	90	0
959	91	0
960	90	0
961	90	0
962	90	0
963	90	0
964	90	0
965	90	0
966	91	0
967	91	0
968	90	0
969	90	0
970	90	0
971	90	0
972	91	0
973	91	0
974	90	0
975	90	0
976	90	0
977	90	0
978	90	0
979	90	0
980	90	0
981	90	0
982	90	0
983	90	0
984	90	0
985	90	0
986	91	0
987	90	0
988	90	0
989	90	0
990	90	0
991	90	0
992	90	0
993	90	0
994	90	0
995	90	0
996	90	0
997	90	0
998	90	0
999	91	0
