Oscilloscope data. 
Time step = 10,00 uS
Voltage step = 31,25 mV
Zero level = 91

N 	Smpl.	Trig

0	62	0
1	62	0
2	62	0
3	63	0
4	62	0
5	62	0
6	62	0
7	62	0
8	62	0
9	63	0
10	62	0
11	62	0
12	63	0
13	62	0
14	62	0
15	62	0
16	62	0
17	62	0
18	62	0
19	62	0
20	62	0
21	62	0
22	62	0
23	62	0
24	62	0
25	62	0
26	63	0
27	62	0
28	62	0
29	62	0
30	63	0
31	62	0
32	62	0
33	62	0
34	62	0
35	62	0
36	62	0
37	62	0
38	62	0
39	62	0
40	63	0
41	63	0
42	62	0
43	62	0
44	62	0
45	62	0
46	62	0
47	63	0
48	62	0
49	63	0
50	62	0
51	62	0
52	62	0
53	62	0
54	62	0
55	62	0
56	62	0
57	62	0
58	62	0
59	62	0
60	62	0
61	62	0
62	62	0
63	62	0
64	62	0
65	63	0
66	62	0
67	62	0
68	62	0
69	63	0
70	62	0
71	62	0
72	62	0
73	62	0
74	62	0
75	62	0
76	62	0
77	62	0
78	62	0
79	62	0
80	62	0
81	62	0
82	62	0
83	62	0
84	62	0
85	63	0
86	62	0
87	62	0
88	63	0
89	62	0
90	62	0
91	62	0
92	62	0
93	62	0
94	62	0
95	62	0
96	63	0
97	63	0
98	62	0
99	62	0
100	62	0
101	63	0
102	63	0
103	62	0
104	62	0
105	62	0
106	61	0
107	60	0
108	59	0
109	58	0
110	57	0
111	55	0
112	54	0
113	53	0
114	51	0
115	49	0
116	46	0
117	45	0
118	43	0
119	41	0
120	38	0
121	37	0
122	35	0
123	34	0
124	32	0
125	30	0
126	29	0
127	28	0
128	27	0
129	26	0
130	26	0
131	27	0
132	27	0
133	29	0
134	30	0
135	32	0
136	36	0
137	38	0
138	43	0
139	48	0
140	53	0
141	59	0
142	65	0
143	72	0
144	79	0
145	86	0
146	94	0
147	102	0
148	110	0
149	118	0
150	126	0
151	133	0
152	140	0
153	145	0
154	150	0
155	153	0
156	155	0
157	155	0
158	154	0
159	151	0
160	147	0
161	141	0
162	133	0
163	124	0
164	114	0
165	104	0
166	91	0
167	80	0
168	70	0
169	58	0
170	49	0
171	41	0
172	33	0
173	29	0
174	26	0
175	26	0
176	30	0
177	35	0
178	44	0
179	54	0
180	67	0
181	81	0
182	94	0
183	110	0
184	122	0
185	134	0
186	145	0
187	152	0
188	155	0
189	155	0
190	150	0
191	143	0
192	131	0
193	117	0
194	102	0
195	86	0
196	69	0
197	54	0
198	41	0
199	31	0
200	27	0
201	27	0
202	32	0
203	40	0
204	54	0
205	71	0
206	90	0
207	108	0
208	126	0
209	139	0
210	150	0
211	155	0
212	154	0
213	146	0
214	134	0
215	117	0
216	97	0
217	77	0
218	57	0
219	41	0
220	30	0
221	26	0
222	29	0
223	38	0
224	54	0
225	74	0
226	97	0
227	118	0
228	137	0
229	149	0
230	155	0
231	153	0
232	142	0
233	125	0
234	101	0
235	78	0
236	56	0
237	38	0
238	28	0
239	26	0
240	35	0
241	51	0
242	73	0
243	98	0
244	122	0
245	142	0
246	153	0
247	154	0
248	145	0
249	126	0
250	102	0
251	75	0
252	51	0
253	34	0
254	26	0
255	30	0
256	45	0
257	69	0
258	96	0
259	122	0
260	143	0
261	155	0
262	152	0
263	138	0
264	115	0
265	86	0
266	58	0
267	37	0
268	27	0
269	30	0
270	46	0
271	72	0
272	103	0
273	130	0
274	149	0
275	155	0
276	146	0
277	123	0
278	93	0
279	62	0
280	38	0
281	26	0
282	30	0
283	49	0
284	79	0
285	110	0
286	139	0
287	154	0
288	152	0
289	134	0
290	105	0
291	70	0
292	42	0
293	27	0
294	30	0
295	50	0
296	81	0
297	115	0
298	143	0
299	155	0
300	148	0
301	124	0
302	90	0
303	55	0
304	32	0
305	26	0
306	42	0
307	73	0
308	109	0
309	140	0
310	154	0
311	148	0
312	122	0
313	86	0
314	51	0
315	30	0
316	29	0
317	50	0
318	85	0
319	122	0
320	149	0
321	154	0
322	137	0
323	101	0
324	63	0
325	34	0
326	26	0
327	44	0
328	78	0
329	118	0
330	147	0
331	154	0
332	136	0
333	99	0
334	59	0
335	31	0
336	28	0
337	51	0
338	91	0
339	130	0
340	153	0
341	150	0
342	120	0
343	78	0
344	41	0
345	26	0
346	40	0
347	76	0
348	118	0
349	150	0
350	152	0
351	128	0
352	84	0
353	45	0
354	27	0
355	38	0
356	76	0
357	120	0
358	150	0
359	152	0
360	122	0
361	77	0
362	38	0
363	27	0
364	46	0
365	90	0
366	134	0
367	155	0
368	142	0
369	102	0
370	57	0
371	28	0
372	34	0
373	70	0
374	118	0
375	150	0
376	150	0
377	116	0
378	67	0
379	32	0
380	30	0
381	62	0
382	111	0
383	149	0
384	151	0
385	118	0
386	69	0
387	32	0
388	30	0
389	66	0
390	116	0
391	151	0
392	148	0
393	110	0
394	59	0
395	28	0
396	37	0
397	81	0
398	130	0
399	155	0
400	137	0
401	89	0
402	42	0
403	26	0
404	54	0
405	105	0
406	148	0
407	151	0
408	112	0
409	59	0
410	28	0
411	40	0
412	89	0
413	138	0
414	154	0
415	125	0
416	71	0
417	31	0
418	35	0
419	78	0
420	133	0
421	155	0
422	129	0
423	76	0
424	32	0
425	33	0
426	78	0
427	132	0
428	155	0
429	127	0
430	71	0
431	30	0
432	37	0
433	86	0
434	139	0
435	153	0
436	117	0
437	58	0
438	27	0
439	46	0
440	103	0
441	149	0
442	146	0
443	97	0
444	42	0
445	28	0
446	68	0
447	126	0
448	155	0
449	126	0
450	67	0
451	28	0
452	44	0
453	101	0
454	150	0
455	145	0
456	92	0
457	38	0
458	30	0
459	78	0
460	137	0
461	153	0
462	110	0
463	50	0
464	27	0
465	64	0
466	126	0
467	155	0
468	122	0
469	59	0
470	26	0
471	55	0
472	118	0
473	155	0
474	128	0
475	64	0
476	26	0
477	54	0
478	117	0
479	155	0
480	126	0
481	62	0
482	26	0
483	57	0
484	122	0
485	155	0
486	120	0
487	55	0
488	26	0
489	66	0
490	132	0
491	154	0
492	108	0
493	45	0
494	30	0
495	81	0
496	144	0
497	148	0
498	89	0
499	32	0
500	41	0
501	104	0
502	153	0
503	131	0
504	63	0
505	26	0
506	62	0
507	131	0
508	153	0
509	102	0
510	38	0
511	35	0
512	96	0
513	151	0
514	134	0
515	64	0
516	26	0
517	65	0
518	134	0
519	152	0
520	94	0
521	34	0
522	41	0
523	110	0
524	155	0
525	120	0
526	49	0
527	30	0
528	87	0
529	149	0
530	137	0
531	66	0
532	26	0
533	69	0
534	139	0
535	148	0
536	82	0
537	28	0
538	56	0
539	129	0
540	152	0
541	93	0
542	30	0
543	48	0
544	122	0
545	154	0
546	100	0
547	33	0
548	44	0
549	118	0
550	154	0
551	103	0
552	34	0
553	44	0
554	118	0
555	155	0
556	101	0
557	33	0
558	46	0
559	121	0
560	153	0
561	95	0
562	30	0
563	53	0
564	129	0
565	150	0
566	85	0
567	27	0
568	62	0
569	139	0
570	144	0
571	70	0
572	26	0
573	78	0
574	150	0
575	131	0
576	52	0
577	31	0
578	101	0
579	155	0
580	110	0
581	36	0
582	46	0
583	125	0
584	151	0
585	83	0
586	27	0
587	70	0
588	146	0
589	134	0
590	54	0
591	31	0
592	103	0
593	155	0
594	102	0
595	31	0
596	56	0
597	137	0
598	144	0
599	64	0
600	29	0
601	94	0
602	155	0
603	107	0
604	32	0
605	54	0
606	137	0
607	142	0
608	60	0
609	29	0
610	102	0
611	155	0
612	98	0
613	29	0
614	65	0
615	146	0
616	131	0
617	46	0
618	38	0
619	121	0
620	150	0
621	75	0
622	27	0
623	92	0
624	155	0
625	103	0
626	29	0
627	65	0
628	147	0
629	128	0
630	42	0
631	45	0
632	131	0
633	144	0
634	61	0
635	32	0
636	112	0
637	153	0
638	78	0
639	27	0
640	94	0
641	155	0
642	95	0
643	26	0
644	78	0
645	153	0
646	110	0
647	30	0
648	65	0
649	149	0
650	120	0
651	35	0
652	57	0
653	145	0
654	128	0
655	38	0
656	51	0
657	141	0
658	132	0
659	42	0
660	47	0
661	138	0
662	134	0
663	44	0
664	46	0
665	137	0
666	134	0
667	43	0
668	48	0
669	139	0
670	132	0
671	41	0
672	52	0
673	142	0
674	127	0
675	38	0
676	57	0
677	147	0
678	120	0
679	33	0
680	66	0
681	151	0
682	110	0
683	27	0
684	78	0
685	154	0
686	95	0
687	27	0
688	93	0
689	155	0
690	78	0
691	29	0
692	111	0
693	150	0
694	61	0
695	37	0
696	131	0
697	137	0
698	42	0
699	54	0
700	147	0
701	117	0
702	30	0
703	78	0
704	155	0
705	89	0
706	27	0
707	107	0
708	150	0
709	59	0
710	38	0
711	134	0
712	131	0
713	35	0
714	65	0
715	153	0
716	99	0
717	26	0
718	102	0
719	152	0
720	61	0
721	38	0
722	137	0
723	128	0
724	33	0
725	73	0
726	155	0
727	86	0
728	29	0
729	118	0
730	145	0
731	44	0
732	54	0
733	150	0
734	103	0
735	27	0
736	103	0
737	150	0
738	54	0
739	46	0
740	146	0
741	113	0
742	26	0
743	96	0
744	151	0
745	57	0
746	45	0
747	145	0
748	111	0
749	26	0
750	99	0
751	150	0
752	53	0
753	50	0
754	149	0
755	102	0
756	26	0
757	110	0
758	144	0
759	42	0
760	62	0
761	153	0
762	85	0
763	30	0
764	128	0
765	130	0
766	30	0
767	86	0
768	154	0
769	59	0
770	46	0
771	148	0
772	102	0
773	26	0
774	118	0
775	138	0
776	35	0
777	77	0
778	155	0
779	64	0
780	44	0
781	148	0
782	100	0
783	27	0
784	121	0
785	134	0
786	31	0
787	86	0
788	153	0
789	52	0
790	54	0
791	153	0
792	83	0
793	34	0
794	139	0
795	114	0
796	26	0
797	114	0
798	138	0
799	33	0
800	86	0
801	152	0
802	49	0
803	61	0
804	155	0
805	72	0
806	41	0
807	148	0
808	94	0
809	30	0
810	134	0
811	117	0
812	26	0
813	115	0
814	134	0
815	29	0
816	95	0
817	147	0
818	38	0
819	78	0
820	154	0
821	50	0
822	62	0
823	155	0
824	64	0
825	49	0
826	153	0
827	78	0
828	40	0
829	149	0
830	89	0
831	33	0
832	142	0
833	100	0
834	30	0
835	137	0
836	109	0
837	27	0
838	130	0
839	116	0
840	26	0
841	125	0
842	121	0
843	26	0
844	121	0
845	125	0
846	26	0
847	118	0
848	127	0
849	26	0
850	117	0
851	129	0
852	27	0
853	117	0
854	128	0
855	26	0
856	118	0
857	126	0
858	26	0
859	121	0
860	122	0
861	26	0
862	125	0
863	118	0
864	27	0
865	130	0
866	112	0
867	28	0
868	136	0
869	103	0
870	30	0
871	143	0
872	93	0
873	35	0
874	149	0
875	81	0
876	43	0
877	153	0
878	69	0
879	53	0
880	155	0
881	55	0
882	66	0
883	153	0
884	43	0
885	83	0
886	147	0
887	33	0
888	102	0
889	135	0
890	27	0
891	121	0
892	118	0
893	28	0
894	138	0
895	96	0
896	36	0
897	150	0
898	72	0
899	54	0
900	155	0
901	49	0
902	77	0
903	149	0
904	33	0
905	104	0
906	130	0
907	26	0
908	131	0
909	104	0
910	34	0
911	150	0
912	73	0
913	54	0
914	155	0
915	45	0
916	86	0
917	142	0
918	28	0
919	120	0
920	113	0
921	30	0
922	147	0
923	77	0
924	53	0
925	155	0
926	43	0
927	91	0
928	139	0
929	26	0
930	129	0
931	102	0
932	36	0
933	153	0
934	60	0
935	70	0
936	149	0
937	30	0
938	115	0
939	116	0
940	30	0
941	149	0
942	70	0
943	62	0
944	152	0
945	33	0
946	110	0
947	119	0
948	29	0
949	149	0
950	69	0
951	64	0
952	150	0
953	30	0
954	117	0
955	112	0
956	34	0
957	153	0
958	57	0
959	78	0
960	144	0
961	26	0
962	133	0
963	93	0
964	46	0
965	155	0
966	40	0
967	102	0
968	124	0
969	30	0
970	150	0
971	62	0
972	74	0
973	144	0
974	26	0
975	134	0
976	86	0
977	52	0
978	153	0
979	33	0
980	117	0
981	108	0
982	38	0
983	155	0
984	42	0
985	101	0
986	121	0
987	30	0
988	152	0
989	53	0
990	89	0
991	131	0
992	28	0
993	150	0
994	61	0
995	81	0
996	137	0
997	26	0
998	147	0
999	65	0
