Oscilloscope data. 
Time step = 1,000 uS
Voltage step = 31,25 mV
Zero level = 91

N 	Smpl.	Trig

0	89	0
1	26	0
2	92	0
3	155	0
4	88	0
5	26	0
6	92	0
7	155	0
8	88	0
9	26	0
10	92	0
11	155	0
12	89	0
13	26	0
14	93	0
15	155	0
16	88	0
17	26	0
18	93	0
19	155	0
20	88	0
21	26	0
22	93	0
23	155	0
24	88	0
25	26	0
26	92	0
27	155	0
28	88	0
29	26	0
30	93	0
31	155	0
32	88	0
33	26	0
34	92	0
35	155	0
36	89	0
37	26	0
38	93	0
39	155	0
40	88	0
41	26	0
42	93	0
43	155	0
44	89	0
45	27	0
46	93	0
47	155	0
48	88	0
49	26	0
50	92	0
51	155	0
52	89	0
53	26	0
54	92	0
55	155	0
56	89	0
57	26	0
58	92	0
59	155	0
60	88	0
61	26	0
62	92	0
63	155	0
64	88	0
65	26	0
66	92	0
67	155	0
68	89	0
69	26	0
70	92	0
71	155	0
72	88	0
73	26	0
74	92	0
75	155	0
76	89	0
77	26	0
78	92	0
79	155	0
80	87	0
81	26	0
82	92	0
83	156	0
84	88	0
85	26	0
86	93	0
87	156	0
88	89	0
89	26	0
90	92	0
91	155	0
92	88	0
93	26	0
94	92	0
95	156	0
96	88	0
97	26	0
98	92	0
99	155	0
100	88	0
101	26	0
102	92	0
103	155	0
104	88	0
105	26	0
106	92	0
107	155	0
108	88	0
109	26	0
110	92	0
111	155	0
112	88	0
113	26	0
114	92	0
115	156	0
116	88	0
117	26	0
118	93	0
119	156	0
120	89	0
121	26	0
122	92	0
123	155	0
124	88	0
125	27	0
126	92	0
127	155	0
128	88	0
129	26	0
130	93	0
131	155	0
132	88	0
133	26	0
134	92	0
135	155	0
136	88	0
137	26	0
138	92	0
139	155	0
140	89	0
141	26	0
142	93	0
143	155	0
144	88	0
145	26	0
146	93	0
147	155	0
148	89	0
149	26	0
150	93	0
151	155	0
152	88	0
153	26	0
154	92	0
155	155	0
156	88	0
157	26	0
158	93	0
159	155	0
160	89	0
161	26	0
162	92	0
163	155	0
164	89	0
165	26	0
166	93	0
167	155	0
168	89	0
169	26	0
170	93	0
171	155	0
172	88	0
173	27	0
174	93	0
175	156	0
176	89	0
177	26	0
178	93	0
179	156	0
180	88	0
181	26	0
182	92	0
183	155	0
184	89	0
185	26	0
186	92	0
187	155	0
188	88	0
189	26	0
190	92	0
191	155	0
192	88	0
193	26	0
194	92	0
195	155	0
196	88	0
197	27	0
198	92	0
199	155	0
200	88	0
201	26	0
202	92	0
203	155	0
204	89	0
205	26	0
206	93	0
207	155	0
208	88	0
209	27	0
210	92	0
211	155	0
212	88	0
213	26	0
214	92	0
215	156	0
216	88	0
217	26	0
218	92	0
219	155	0
220	88	0
221	26	0
222	92	0
223	155	0
224	88	0
225	27	0
226	92	0
227	155	0
228	89	0
229	26	0
230	92	0
231	155	0
232	88	0
233	27	0
234	92	0
235	155	0
236	88	0
237	26	0
238	93	0
239	155	0
240	88	0
241	26	0
242	93	0
243	155	0
244	88	0
245	27	0
246	92	0
247	155	0
248	88	0
249	26	0
250	93	0
251	155	0
252	88	0
253	26	0
254	93	0
255	155	0
256	88	0
257	26	0
258	93	0
259	156	0
260	88	0
261	26	0
262	92	0
263	156	0
264	87	0
265	26	0
266	92	0
267	155	0
268	88	0
269	26	0
270	92	0
271	156	0
272	88	0
273	26	0
274	92	0
275	155	0
276	89	0
277	26	0
278	92	0
279	155	0
280	88	0
281	26	0
282	93	0
283	155	0
284	88	0
285	26	0
286	93	0
287	156	0
288	88	0
289	26	0
290	92	0
291	155	0
292	88	0
293	27	0
294	92	0
295	155	0
296	88	0
297	26	0
298	92	0
299	155	0
300	88	0
301	26	0
302	93	0
303	155	0
304	89	0
305	26	0
306	92	0
307	156	0
308	88	0
309	26	0
310	92	0
311	155	0
312	89	0
313	26	0
314	93	0
315	155	0
316	88	0
317	26	0
318	92	0
319	155	0
320	88	0
321	27	0
322	92	0
323	155	0
324	88	0
325	26	0
326	92	0
327	155	0
328	89	0
329	26	0
330	92	0
331	155	0
332	88	0
333	26	0
334	93	0
335	155	0
336	88	0
337	26	0
338	92	0
339	155	0
340	89	0
341	26	0
342	92	0
343	155	0
344	88	0
345	26	0
346	92	0
347	155	0
348	88	0
349	26	0
350	92	0
351	155	0
352	89	0
353	27	0
354	93	0
355	155	0
356	88	0
357	26	0
358	92	0
359	155	0
360	88	0
361	26	0
362	92	0
363	156	0
364	89	0
365	26	0
366	93	0
367	155	0
368	89	0
369	26	0
370	92	0
371	155	0
372	88	0
373	26	0
374	92	0
375	156	0
376	88	0
377	26	0
378	93	0
379	155	0
380	89	0
381	26	0
382	93	0
383	156	0
384	88	0
385	27	0
386	92	0
387	156	0
388	88	0
389	26	0
390	92	0
391	155	0
392	89	0
393	26	0
394	92	0
395	155	0
396	88	0
397	26	0
398	91	0
399	156	0
400	89	0
401	26	0
402	92	0
403	155	0
404	88	0
405	27	0
406	92	0
407	155	0
408	88	0
409	26	0
410	93	0
411	155	0
412	88	0
413	26	0
414	93	0
415	155	0
416	88	0
417	26	0
418	93	0
419	155	0
420	89	0
421	26	0
422	92	0
423	155	0
424	89	0
425	26	0
426	92	0
427	155	0
428	89	0
429	27	0
430	93	0
431	155	0
432	89	0
433	26	0
434	91	0
435	155	0
436	89	0
437	26	0
438	92	0
439	155	0
440	89	0
441	26	0
442	93	0
443	155	0
444	88	0
445	26	0
446	93	0
447	155	0
448	88	0
449	27	0
450	92	0
451	155	0
452	88	0
453	26	0
454	93	0
455	155	0
456	88	0
457	26	0
458	92	0
459	156	0
460	88	0
461	26	0
462	92	0
463	155	0
464	88	0
465	26	0
466	92	0
467	156	0
468	88	0
469	27	0
470	92	0
471	155	0
472	88	0
473	27	0
474	93	0
475	155	0
476	88	0
477	26	0
478	93	0
479	155	0
480	89	0
481	26	0
482	92	0
483	156	0
484	89	0
485	26	0
486	93	0
487	155	0
488	89	0
489	26	0
490	93	0
491	155	0
492	88	0
493	26	0
494	92	0
495	155	0
496	88	0
497	26	0
498	92	0
499	155	0
500	88	0
501	26	0
502	93	0
503	155	0
504	89	0
505	26	0
506	92	0
507	155	0
508	88	0
509	26	0
510	93	0
511	155	0
512	88	0
513	27	0
514	93	0
515	155	0
516	88	0
517	26	0
518	93	0
519	155	0
520	88	0
521	26	0
522	92	0
523	156	0
524	88	0
525	26	0
526	92	0
527	155	0
528	88	0
529	26	0
530	92	0
531	155	0
532	88	0
533	26	0
534	93	0
535	156	0
536	88	0
537	26	0
538	92	0
539	155	0
540	89	0
541	26	0
542	93	0
543	156	0
544	88	0
545	27	0
546	92	0
547	155	0
548	88	0
549	26	0
550	93	0
551	155	0
552	88	0
553	26	0
554	92	0
555	156	0
556	89	0
557	26	0
558	92	0
559	155	0
560	89	0
561	26	0
562	92	0
563	156	0
564	88	0
565	26	0
566	92	0
567	155	0
568	88	0
569	26	0
570	93	0
571	155	0
572	88	0
573	26	0
574	92	0
575	156	0
576	88	0
577	26	0
578	92	0
579	156	0
580	88	0
581	27	0
582	92	0
583	155	0
584	89	0
585	27	0
586	93	0
587	155	0
588	88	0
589	26	0
590	92	0
591	155	0
592	88	0
593	27	0
594	93	0
595	156	0
596	88	0
597	26	0
598	92	0
599	155	0
600	88	0
601	27	0
602	92	0
603	155	0
604	88	0
605	26	0
606	92	0
607	156	0
608	89	0
609	26	0
610	92	0
611	155	0
612	88	0
613	26	0
614	92	0
615	155	0
616	88	0
617	26	0
618	92	0
619	155	0
620	89	0
621	26	0
622	92	0
623	155	0
624	88	0
625	26	0
626	93	0
627	155	0
628	88	0
629	26	0
630	93	0
631	156	0
632	88	0
633	26	0
634	92	0
635	155	0
636	88	0
637	27	0
638	92	0
639	156	0
640	88	0
641	26	0
642	93	0
643	155	0
644	88	0
645	27	0
646	92	0
647	156	0
648	88	0
649	27	0
650	93	0
651	155	0
652	88	0
653	26	0
654	93	0
655	155	0
656	88	0
657	26	0
658	92	0
659	155	0
660	88	0
661	26	0
662	92	0
663	155	0
664	88	0
665	27	0
666	93	0
667	155	0
668	89	0
669	26	0
670	92	0
671	155	0
672	88	0
673	26	0
674	92	0
675	155	0
676	89	0
677	26	0
678	92	0
679	155	0
680	89	0
681	26	0
682	93	0
683	155	0
684	89	0
685	26	0
686	93	0
687	155	0
688	88	0
689	26	0
690	92	0
691	155	0
692	89	0
693	26	0
694	93	0
695	155	0
696	89	0
697	26	0
698	92	0
699	155	0
700	88	0
701	26	0
702	93	0
703	156	0
704	88	0
705	27	0
706	92	0
707	155	0
708	88	0
709	26	0
710	92	0
711	155	0
712	88	0
713	26	0
714	92	0
715	155	0
716	88	0
717	26	0
718	93	0
719	156	0
720	89	0
721	26	0
722	92	0
723	155	0
724	89	0
725	26	0
726	93	0
727	155	0
728	87	0
729	26	0
730	92	0
731	155	0
732	89	0
733	27	0
734	92	0
735	155	0
736	88	0
737	26	0
738	92	0
739	156	0
740	89	0
741	26	0
742	93	0
743	156	0
744	88	0
745	27	0
746	92	0
747	155	0
748	88	0
749	27	0
750	92	0
751	156	0
752	88	0
753	27	0
754	92	0
755	155	0
756	88	0
757	26	0
758	92	0
759	155	0
760	88	0
761	26	0
762	92	0
763	155	0
764	88	0
765	26	0
766	93	0
767	155	0
768	88	0
769	26	0
770	92	0
771	155	0
772	89	0
773	26	0
774	93	0
775	156	0
776	88	0
777	26	0
778	92	0
779	155	0
780	88	0
781	26	0
782	92	0
783	156	0
784	88	0
785	26	0
786	92	0
787	156	0
788	89	0
789	26	0
790	92	0
791	155	0
792	89	0
793	26	0
794	92	0
795	155	0
796	88	0
797	26	0
798	92	0
799	155	0
800	88	0
801	26	0
802	93	0
803	156	0
804	88	0
805	26	0
806	92	0
807	155	0
808	88	0
809	26	0
810	92	0
811	155	0
812	89	0
813	26	0
814	93	0
815	155	0
816	89	0
817	26	0
818	92	0
819	155	0
820	88	0
821	26	0
822	93	0
823	155	0
824	88	0
825	27	0
826	92	0
827	156	0
828	89	0
829	26	0
830	92	0
831	156	0
832	88	0
833	26	0
834	93	0
835	155	0
836	88	0
837	25	0
838	93	0
839	155	0
840	89	0
841	26	0
842	92	0
843	155	0
844	88	0
845	26	0
846	92	0
847	155	0
848	88	0
849	26	0
850	92	0
851	155	0
852	88	0
853	26	0
854	93	0
855	155	0
856	88	0
857	26	0
858	92	0
859	156	0
860	88	0
861	26	0
862	92	0
863	155	0
864	89	0
865	26	0
866	92	0
867	155	0
868	88	0
869	26	0
870	92	0
871	155	0
872	88	0
873	26	0
874	92	0
875	155	0
876	89	0
877	27	0
878	92	0
879	155	0
880	89	0
881	26	0
882	92	0
883	155	0
884	88	0
885	26	0
886	93	0
887	156	0
888	89	0
889	26	0
890	92	0
891	156	0
892	88	0
893	27	0
894	92	0
895	155	0
896	88	0
897	26	0
898	93	0
899	155	0
900	88	0
901	27	0
902	93	0
903	155	0
904	88	0
905	26	0
906	92	0
907	155	0
908	88	0
909	26	0
910	92	0
911	155	0
912	88	0
913	27	0
914	92	0
915	156	0
916	88	0
917	26	0
918	92	0
919	155	0
920	89	0
921	26	0
922	93	0
923	155	0
924	88	0
925	27	0
926	92	0
927	155	0
928	88	0
929	26	0
930	92	0
931	155	0
932	88	0
933	26	0
934	92	0
935	156	0
936	88	0
937	26	0
938	93	0
939	155	0
940	87	0
941	26	0
942	93	0
943	155	0
944	89	0
945	26	0
946	92	0
947	155	0
948	88	0
949	26	0
950	93	0
951	155	0
952	88	0
953	26	0
954	93	0
955	155	0
956	88	0
957	26	0
958	93	0
959	155	0
960	88	0
961	26	0
962	92	0
963	155	0
964	89	0
965	26	0
966	92	0
967	155	0
968	89	0
969	27	0
970	92	0
971	156	0
972	88	0
973	26	0
974	93	0
975	155	0
976	88	0
977	27	0
978	93	0
979	155	0
980	89	0
981	26	0
982	92	0
983	155	0
984	89	0
985	26	0
986	92	0
987	155	0
988	88	0
989	27	0
990	92	0
991	156	0
992	89	0
993	26	0
994	92	0
995	155	0
996	88	0
997	26	0
998	92	0
999	155	0
